 0,0000	 0,0330
 9,0000	 0,0491
18,0000	 0,0580
27,0000	 0,0741
36,0000	 0,0896
45,0000	 0,0993
54,0000	 0,1075
63,0000	 0,1213
76,0000	 0,1393
87,0000	 0,1489
96,0000	 0,1581
105,0000	 0,1674
118,0000	 0,1861
129,0000	 0,1882
138,0000	 0,1997
147,0000	 0,2108
156,0000	 0,2214
165,0000	 0,2168
174,0000	 0,2276
183,0000	 0,2370
192,0000	 0,2378
204,0000	 0,2410
213,0000	 0,2507
222,0000	 0,2458
231,0000	 0,2507
240,0000	 0,2632
249,0000	 0,2623
258,0000	 0,2734
267,0000	 0,2751
276,0000	 0,2795
285,0000	 0,2760
294,0000	 0,2857
303,0000	 0,2848
312,0000	 0,2857
321,0000	 0,2910
330,0000	 0,2946
339,0000	 0,2965
348,0000	 0,2983
357,0000	 0,2974
369,0000	 0,3057
378,0000	 0,3075
387,0000	 0,3113
396,0000	 0,3151
405,0000	 0,3170
414,0000	 0,3132
423,0000	 0,3151
432,0000	 0,3122
441,0000	 0,3170
453,0000	 0,3113
462,0000	 0,3179
471,0000	 0,3160
480,0000	 0,3160
489,0000	 0,3189
498,0000	 0,3227
507,0000	 0,3179
516,0000	 0,3315
525,0000	 0,3256
537,0000	 0,3256
546,0000	 0,3295
555,0000	 0,3276
564,0000	 0,3286
577,0000	 0,3335
588,0000	 0,3286
597,0000	 0,3355
606,0000	 0,3345
615,0000	 0,3325
624,0000	 0,3256
633,0000	 0,3315
642,0000	 0,3335
651,0000	 0,3335
660,0000	 0,3375
669,0000	 0,3345
678,0000	 0,3385
687,0000	 0,3345
696,0000	 0,3305
705,0000	 0,3375
714,0000	 0,3435
723,0000	 0,3315
732,0000	 0,3405
744,0000	 0,3385
753,0000	 0,3405
762,0000	 0,3385
771,0000	 0,3325
780,0000	 0,3385
789,0000	 0,3395
798,0000	 0,3435
807,0000	 0,3375
816,0000	 0,3365
828,0000	 0,3395
837,0000	 0,3415
846,0000	 0,3425
855,0000	 0,3405
864,0000	 0,3375
873,0000	 0,3355
882,0000	 0,3415
891,0000	 0,3395
900,0000	 0,3385
912,0000	 0,3435
921,0000	 0,3405
930,0000	 0,3435
939,0000	 0,3486
948,0000	 0,3395
957,0000	 0,3415
966,0000	 0,3466
975,0000	 0,3415
984,0000	 0,3365
996,0000	 0,3497
1005,0000	 0,3365
1014,0000	 0,3445
1023,0000	 0,3385
1033,0000	 0,3445
1044,0000	 0,3435
1053,0000	 0,3385
1062,0000	 0,3405
1071,0000	 0,3476
1080,0000	 0,3456
1089,0000	 0,3435
1098,0000	 0,3345
1107,0000	 0,3395
1119,0000	 0,3365
1128,0000	 0,3538
1137,0000	 0,3456
1146,0000	 0,3395
1155,0000	 0,3355
1164,0000	 0,3435
1173,0000	 0,3476
1182,0000	 0,3507
1191,0000	 0,3405
1203,0000	 0,3445
1212,0000	 0,3385
1221,0000	 0,3405
1230,0000	 0,3425
1239,0000	 0,3486
1248,0000	 0,3445
1257,0000	 0,3476
1266,0000	 0,3425
1275,0000	 0,3445
1287,0000	 0,3425
1296,0000	 0,3345
1305,0000	 0,3476
1314,0000	 0,3395
1323,0000	 0,3435
1332,0000	 0,3425
1341,0000	 0,3425
1350,0000	 0,3456
1359,0000	 0,3435
1371,0000	 0,3395
1380,0000	 0,3456
1389,0000	 0,3375
1398,0000	 0,3445
1408,0000	 0,3528
1419,0000	 0,3507
1428,0000	 0,3466
1437,0000	 0,3405
1446,0000	 0,3456
1455,0000	 0,3466
1464,0000	 0,3435
1473,0000	 0,3445
1485,0000	 0,3497
1494,0000	 0,3445
1503,0000	 0,3385
1512,0000	 0,3415
1521,0000	 0,3395
1530,0000	 0,3435
1539,0000	 0,3415
1548,0000	 0,3569
1557,0000	 0,3476
1569,0000	 0,3486
1578,0000	 0,3445
1587,0000	 0,3497
1596,0000	 0,3415
1605,0000	 0,3395
1614,0000	 0,3385
1623,0000	 0,3445
1632,0000	 0,3476
1641,0000	 0,3415
1653,0000	 0,3415
1662,0000	 0,3528
1671,0000	 0,3345
1680,0000	 0,3476
1689,0000	 0,3395
1698,0000	 0,3445
1707,0000	 0,3476
1716,0000	 0,3476
1725,0000	 0,3355
1737,0000	 0,3365
1746,0000	 0,3425
1755,0000	 0,3445
1764,0000	 0,3466
1776,0000	 0,3476
1785,0000	 0,3415
1794,0000	 0,3395
1803,0000	 0,3466
1812,0000	 0,3365
1825,0000	 0,3517
1836,0000	 0,3476
1845,0000	 0,3365
1854,0000	 0,3405
1863,0000	 0,3425
1872,0000	 0,3466
1881,0000	 0,3425
1890,0000	 0,3385
1899,0000	 0,3425
1911,0000	 0,3445
1920,0000	 0,3375
1929,0000	 0,3456
1938,0000	 0,3425
1947,0000	 0,3445
1956,0000	 0,3415
1965,0000	 0,3486
1974,0000	 0,3425
1983,0000	 0,3415
1995,0000	 0,3435
2004,0000	 0,3445
2013,0000	 0,3405
2022,0000	 0,3456
2031,0000	 0,3385
2040,0000	 0,3405
2049,0000	 0,3507
2058,0000	 0,3445
2067,0000	 0,3385
2079,0000	 0,3415
2088,0000	 0,3445
2097,0000	 0,3385
2106,0000	 0,3415
2115,0000	 0,3415
2124,0000	 0,3365
2133,0000	 0,3445
2142,0000	 0,3486
2151,0000	 0,3415
2160,0000	 0,3486
2169,0000	 0,3375
2178,0000	 0,3435
2187,0000	 0,3456
2200,0000	 0,3375
2211,0000	 0,3385
2220,0000	 0,3395
2229,0000	 0,3415
2238,0000	 0,3456
2247,0000	 0,3456
2256,0000	 0,3375
2265,0000	 0,3435
2274,0000	 0,3425
2284,0000	 0,3528
2295,0000	 0,3385
2304,0000	 0,3466
2313,0000	 0,3385
2322,0000	 0,3445
2331,0000	 0,3435
2340,0000	 0,3456
2349,0000	 0,3425
2358,0000	 0,3405
2368,0000	 0,3415
2379,0000	 0,3375
2388,0000	 0,3425
2397,0000	 0,3405
2410,0000	 0,3425
2421,0000	 0,3466
2430,0000	 0,3445
2439,0000	 0,3476
2452,0000	 0,3435
2463,0000	 0,3435
2472,0000	 0,3425
2481,0000	 0,3445
2490,0000	 0,3456
2499,0000	 0,3445
2508,0000	 0,3507
2517,0000	 0,3375
2529,0000	 0,3395
2538,0000	 0,3435
2547,0000	 0,3405
2556,0000	 0,3375
2565,0000	 0,3415
2577,0000	 0,3497
2586,0000	 0,3415
2595,0000	 0,3435
2604,0000	 0,3335
2617,0000	 0,3445
2628,0000	 0,3395
2637,0000	 0,3435
2646,0000	 0,3345
2655,0000	 0,3425
2664,0000	 0,3405
2673,0000	 0,3425
2682,0000	 0,3425
2691,0000	 0,3466
2701,0000	 0,3456
2712,0000	 0,3425
2721,0000	 0,3435
2730,0000	 0,3395
2739,0000	 0,3456
2748,0000	 0,3476
2757,0000	 0,3517
2766,0000	 0,3415
2775,0000	 0,3456
2787,0000	 0,3466
2796,0000	 0,3445
2805,0000	 0,3445
2814,0000	 0,3415
2823,0000	 0,3395
2832,0000	 0,3405
2841,0000	 0,3385
2850,0000	 0,3405
2859,0000	 0,3486
2871,0000	 0,3415
2880,0000	 0,3476
2889,0000	 0,3456
2898,0000	 0,3375
2908,0000	 0,3435
2919,0000	 0,3445
2928,0000	 0,3405
2937,0000	 0,3395
2946,0000	 0,3445
2955,0000	 0,3476
2964,0000	 0,3445
2973,0000	 0,3365
2982,0000	 0,3395
2992,0000	 0,3395
3003,0000	 0,3415
