 0,0000	 0,0365
12,0000	 0,0538
21,0000	 0,0724
30,0000	 0,0818
39,0000	 0,0970
51,0000	 0,1152
60,0000	 0,1256
69,0000	 0,1368
78,0000	 0,1476
87,0000	 0,1594
100,0000	 0,1702
111,0000	 0,1798
120,0000	 0,1875
129,0000	 0,1954
138,0000	 0,1939
147,0000	 0,2108
156,0000	 0,2138
165,0000	 0,2183
174,0000	 0,2260
186,0000	 0,2291
195,0000	 0,2386
204,0000	 0,2426
213,0000	 0,2523
223,0000	 0,2590
234,0000	 0,2632
243,0000	 0,2666
252,0000	 0,2657
265,0000	 0,2725
276,0000	 0,2821
285,0000	 0,2786
294,0000	 0,2839
307,0000	 0,2892
318,0000	 0,2901
327,0000	 0,2910
336,0000	 0,2983
349,0000	 0,2946
360,0000	 0,3020
369,0000	 0,3010
378,0000	 0,3047
391,0000	 0,3103
402,0000	 0,3075
411,0000	 0,3151
420,0000	 0,3151
433,0000	 0,3189
444,0000	 0,3218
453,0000	 0,3198
462,0000	 0,3179
475,0000	 0,3227
486,0000	 0,3305
495,0000	 0,3266
507,0000	 0,3179
519,0000	 0,3305
528,0000	 0,3286
537,0000	 0,3295
546,0000	 0,3325
559,0000	 0,3355
570,0000	 0,3276
579,0000	 0,3355
588,0000	 0,3286
600,0000	 0,3295
609,0000	 0,3345
618,0000	 0,3305
627,0000	 0,3435
640,0000	 0,3375
651,0000	 0,3355
660,0000	 0,3385
669,0000	 0,3375
678,0000	 0,3355
687,0000	 0,3355
696,0000	 0,3445
705,0000	 0,3355
714,0000	 0,3385
726,0000	 0,3335
735,0000	 0,3355
744,0000	 0,3355
753,0000	 0,3375
762,0000	 0,3375
771,0000	 0,3355
780,0000	 0,3507
789,0000	 0,3405
798,0000	 0,3375
810,0000	 0,3415
819,0000	 0,3425
828,0000	 0,3425
837,0000	 0,3415
846,0000	 0,3395
855,0000	 0,3466
864,0000	 0,3435
873,0000	 0,3425
882,0000	 0,3375
894,0000	 0,3486
903,0000	 0,3456
912,0000	 0,3305
921,0000	 0,3435
930,0000	 0,3415
939,0000	 0,3435
948,0000	 0,3425
957,0000	 0,3395
966,0000	 0,3355
975,0000	 0,3405
984,0000	 0,3435
993,0000	 0,3435
1002,0000	 0,3385
1015,0000	 0,3415
1026,0000	 0,3425
1035,0000	 0,3425
1047,0000	 0,3507
1059,0000	 0,3476
1068,0000	 0,3445
1077,0000	 0,3456
1086,0000	 0,3456
1095,0000	 0,3415
1104,0000	 0,3286
1113,0000	 0,3405
1122,0000	 0,3395
1134,0000	 0,3528
1143,0000	 0,3395
1152,0000	 0,3415
1161,0000	 0,3415
1170,0000	 0,3445
1179,0000	 0,3456
1188,0000	 0,3486
1197,0000	 0,3425
1206,0000	 0,3476
1218,0000	 0,3486
1227,0000	 0,3425
1236,0000	 0,3456
1245,0000	 0,3355
1254,0000	 0,3445
1267,0000	 0,3486
1278,0000	 0,3476
1287,0000	 0,3415
1296,0000	 0,3415
1309,0000	 0,3445
1320,0000	 0,3415
1329,0000	 0,3445
1338,0000	 0,3415
1350,0000	 0,3345
1359,0000	 0,3425
1368,0000	 0,3445
1377,0000	 0,3435
1386,0000	 0,3395
1395,0000	 0,3415
1404,0000	 0,3445
1413,0000	 0,3466
1422,0000	 0,3445
1434,0000	 0,3456
1443,0000	 0,3456
1452,0000	 0,3415
1461,0000	 0,3405
1470,0000	 0,3445
1479,0000	 0,3435
1488,0000	 0,3365
1497,0000	 0,3486
1506,0000	 0,3456
1516,0000	 0,3315
1527,0000	 0,3497
1536,0000	 0,3486
1545,0000	 0,3405
1554,0000	 0,3476
1563,0000	 0,3425
1572,0000	 0,3435
1581,0000	 0,3445
1590,0000	 0,3435
1600,0000	 0,3385
1611,0000	 0,3466
1620,0000	 0,3456
1629,0000	 0,3415
1638,0000	 0,3365
1647,0000	 0,3435
1656,0000	 0,3476
1665,0000	 0,3486
1674,0000	 0,3405
1686,0000	 0,3435
1695,0000	 0,3497
1704,0000	 0,3466
1713,0000	 0,3486
1723,0000	 0,3415
1734,0000	 0,3365
1743,0000	 0,3486
1755,0000	 0,3435
1765,0000	 0,3355
1776,0000	 0,3395
1785,0000	 0,3435
1794,0000	 0,3497
1807,0000	 0,3456
1818,0000	 0,3517
1827,0000	 0,3486
1836,0000	 0,3435
1849,0000	 0,3476
1860,0000	 0,3456
1869,0000	 0,3456
1878,0000	 0,3385
1887,0000	 0,3395
1896,0000	 0,3435
1905,0000	 0,3466
1914,0000	 0,3517
1923,0000	 0,3435
1935,0000	 0,3476
1944,0000	 0,3466
1953,0000	 0,3435
1962,0000	 0,3415
1971,0000	 0,3476
1980,0000	 0,3486
1989,0000	 0,3622
1998,0000	 0,3435
2010,0000	 0,3435
2019,0000	 0,3476
2028,0000	 0,3375
2037,0000	 0,3456
2046,0000	 0,3405
2055,0000	 0,3345
2064,0000	 0,3456
2073,0000	 0,3476
2082,0000	 0,3415
2094,0000	 0,3486
2103,0000	 0,3425
2112,0000	 0,3415
2121,0000	 0,3375
2130,0000	 0,3405
2140,0000	 0,3476
2151,0000	 0,3335
2160,0000	 0,3466
2169,0000	 0,3435
2178,0000	 0,3435
2187,0000	 0,3456
2196,0000	 0,3445
2205,0000	 0,3425
2214,0000	 0,3395
2226,0000	 0,3425
2235,0000	 0,3445
2244,0000	 0,3415
2253,0000	 0,3456
2262,0000	 0,3425
2271,0000	 0,3486
2280,0000	 0,3435
2289,0000	 0,3445
2298,0000	 0,3486
2308,0000	 0,3395
2319,0000	 0,3445
2328,0000	 0,3415
2337,0000	 0,3435
2346,0000	 0,3385
2355,0000	 0,3456
2364,0000	 0,3445
2373,0000	 0,3466
2382,0000	 0,3405
2392,0000	 0,3415
2403,0000	 0,3425
2412,0000	 0,3456
2421,0000	 0,3415
2430,0000	 0,3456
2439,0000	 0,3405
2448,0000	 0,3497
2460,0000	 0,3405
2473,0000	 0,3345
2484,0000	 0,3405
2493,0000	 0,3445
2502,0000	 0,3456
2511,0000	 0,3405
2520,0000	 0,3435
2529,0000	 0,3466
2538,0000	 0,3445
2547,0000	 0,3435
2557,0000	 0,3405
2568,0000	 0,3355
2577,0000	 0,3425
2586,0000	 0,3276
2595,0000	 0,3425
2604,0000	 0,3486
2613,0000	 0,3445
2622,0000	 0,3456
2631,0000	 0,3425
2641,0000	 0,3395
2652,0000	 0,3375
2661,0000	 0,3405
2670,0000	 0,3405
2679,0000	 0,3415
2688,0000	 0,3385
2697,0000	 0,3466
2706,0000	 0,3415
2715,0000	 0,3476
2725,0000	 0,3405
2736,0000	 0,3486
2745,0000	 0,3395
2754,0000	 0,3415
2763,0000	 0,3466
2772,0000	 0,3486
2781,0000	 0,3395
2790,0000	 0,3415
2799,0000	 0,3425
2809,0000	 0,3456
2820,0000	 0,3395
2829,0000	 0,3355
2838,0000	 0,3425
2848,0000	 0,3405
2859,0000	 0,3415
2868,0000	 0,3405
2877,0000	 0,3476
2886,0000	 0,3355
2895,0000	 0,3548
2904,0000	 0,3445
2913,0000	 0,3375
2922,0000	 0,3375
2932,0000	 0,3395
2943,0000	 0,3355
2952,0000	 0,3497
2961,0000	 0,3425
2970,0000	 0,3405
2979,0000	 0,3425
2988,0000	 0,3435
2997,0000	 0,3456
3006,0000	 0,3375
