 0,0000	 0,0198
 8,0000	 0,0246
17,0000	 0,0400
26,0000	 0,0476
35,0000	 0,0548
45,0000	 0,0692
56,0000	 0,0686
65,0000	 0,0812
74,0000	 0,0919
83,0000	 0,1011
92,0000	 0,1075
101,0000	 0,1170
110,0000	 0,1243
119,0000	 0,1286
129,0000	 0,1412
140,0000	 0,1450
149,0000	 0,1508
158,0000	 0,1587
167,0000	 0,1641
176,0000	 0,1736
185,0000	 0,1756
194,0000	 0,1784
203,0000	 0,1833
213,0000	 0,1968
224,0000	 0,1975
233,0000	 0,2049
242,0000	 0,2086
252,0000	 0,2176
263,0000	 0,2199
272,0000	 0,2222
281,0000	 0,2338
290,0000	 0,2346
299,0000	 0,2418
308,0000	 0,2426
317,0000	 0,2474
326,0000	 0,2515
336,0000	 0,2556
347,0000	 0,2640
356,0000	 0,2691
365,0000	 0,2657
374,0000	 0,2674
383,0000	 0,2777
392,0000	 0,2708
401,0000	 0,2830
410,0000	 0,2883
420,0000	 0,2901
431,0000	 0,2919
440,0000	 0,2937
449,0000	 0,2866
458,0000	 0,3010
467,0000	 0,2974
476,0000	 0,3001
485,0000	 0,3047
494,0000	 0,3038
504,0000	 0,3151
515,0000	 0,3151
524,0000	 0,3085
533,0000	 0,3198
542,0000	 0,3256
551,0000	 0,3132
560,0000	 0,3218
569,0000	 0,3198
578,0000	 0,3218
588,0000	 0,3208
599,0000	 0,3170
608,0000	 0,3286
617,0000	 0,3305
627,0000	 0,3295
638,0000	 0,3335
647,0000	 0,3345
656,0000	 0,3375
665,0000	 0,3365
674,0000	 0,3365
683,0000	 0,3395
692,0000	 0,3445
701,0000	 0,3445
711,0000	 0,3507
722,0000	 0,3435
731,0000	 0,3445
740,0000	 0,3456
749,0000	 0,3456
758,0000	 0,3538
767,0000	 0,3486
776,0000	 0,3517
785,0000	 0,3497
795,0000	 0,3569
806,0000	 0,3569
815,0000	 0,3580
824,0000	 0,3580
833,0000	 0,3611
842,0000	 0,3580
851,0000	 0,3601
860,0000	 0,3675
869,0000	 0,3654
878,0000	 0,3590
887,0000	 0,3507
896,0000	 0,3611
905,0000	 0,3664
914,0000	 0,3632
923,0000	 0,3664
932,0000	 0,3622
941,0000	 0,3622
950,0000	 0,3632
959,0000	 0,3697
968,0000	 0,3611
977,0000	 0,3729
986,0000	 0,3718
995,0000	 0,3697
1004,0000	 0,3675
1013,0000	 0,3718
1022,0000	 0,3773
1031,0000	 0,3707
1040,0000	 0,3697
1049,0000	 0,3707
1058,0000	 0,3675
1067,0000	 0,3828
1076,0000	 0,3828
1086,0000	 0,3675
1097,0000	 0,3795
1106,0000	 0,3675
1115,0000	 0,3697
1124,0000	 0,3773
1133,0000	 0,3697
1142,0000	 0,3806
1151,0000	 0,3740
1160,0000	 0,3718
1170,0000	 0,3784
1181,0000	 0,3751
1190,0000	 0,3795
1199,0000	 0,3773
1208,0000	 0,3729
1217,0000	 0,3740
1226,0000	 0,3718
1235,0000	 0,3795
1244,0000	 0,3806
1254,0000	 0,3817
1265,0000	 0,3817
1274,0000	 0,3707
1283,0000	 0,3729
1292,0000	 0,3795
1301,0000	 0,3751
1310,0000	 0,3773
1319,0000	 0,3850
1328,0000	 0,3795
1338,0000	 0,3718
1349,0000	 0,3806
1358,0000	 0,3795
1367,0000	 0,3784
1377,0000	 0,3795
1388,0000	 0,3817
1397,0000	 0,3773
1406,0000	 0,3828
1415,0000	 0,3817
1424,0000	 0,3751
1433,0000	 0,3839
1442,0000	 0,3828
1451,0000	 0,3795
1461,0000	 0,3806
1472,0000	 0,3806
1481,0000	 0,3806
1490,0000	 0,3839
1499,0000	 0,3762
1508,0000	 0,3861
1517,0000	 0,3850
1526,0000	 0,3795
1535,0000	 0,3839
1545,0000	 0,3839
1556,0000	 0,3839
1565,0000	 0,3773
1574,0000	 0,3817
1583,0000	 0,3773
1592,0000	 0,3718
1601,0000	 0,3817
1610,0000	 0,3817
1619,0000	 0,3817
1629,0000	 0,3795
1640,0000	 0,3806
1649,0000	 0,3795
1658,0000	 0,3806
1667,0000	 0,3828
1676,0000	 0,3784
1685,0000	 0,3817
1694,0000	 0,3884
1703,0000	 0,3906
1713,0000	 0,3895
1724,0000	 0,3817
1733,0000	 0,3806
1742,0000	 0,3784
1752,0000	 0,3806
1763,0000	 0,3839
1772,0000	 0,3839
1781,0000	 0,3806
1790,0000	 0,3773
1799,0000	 0,3828
1808,0000	 0,3817
1817,0000	 0,3817
1826,0000	 0,3839
1836,0000	 0,3729
1847,0000	 0,3861
1856,0000	 0,3762
1865,0000	 0,3839
1874,0000	 0,3884
1883,0000	 0,3729
1892,0000	 0,3839
1901,0000	 0,3817
1910,0000	 0,3828
1920,0000	 0,3762
1931,0000	 0,3795
1940,0000	 0,3729
1949,0000	 0,3873
1958,0000	 0,3740
1967,0000	 0,3795
1976,0000	 0,3784
1985,0000	 0,3762
1994,0000	 0,3795
2004,0000	 0,3839
2015,0000	 0,3861
2024,0000	 0,3873
2033,0000	 0,3707
2042,0000	 0,3839
2051,0000	 0,3762
2060,0000	 0,3795
2069,0000	 0,3895
2078,0000	 0,3828
2088,0000	 0,3773
2099,0000	 0,3839
2108,0000	 0,3839
2117,0000	 0,3784
2127,0000	 0,3884
2138,0000	 0,3828
2147,0000	 0,3762
2156,0000	 0,3795
2165,0000	 0,3806
2174,0000	 0,3873
2183,0000	 0,3850
2192,0000	 0,3817
2201,0000	 0,3850
2211,0000	 0,3895
2222,0000	 0,3784
2231,0000	 0,3828
2240,0000	 0,3806
2249,0000	 0,3850
2258,0000	 0,3784
2267,0000	 0,3686
2276,0000	 0,3751
2285,0000	 0,3773
2295,0000	 0,3784
2306,0000	 0,3828
2315,0000	 0,3707
2324,0000	 0,3718
2333,0000	 0,3795
2342,0000	 0,3773
2351,0000	 0,3817
2360,0000	 0,3828
2369,0000	 0,3784
2378,0000	 0,3817
2387,0000	 0,3850
2396,0000	 0,3828
2405,0000	 0,3795
2414,0000	 0,3817
2423,0000	 0,3817
2432,0000	 0,3751
2441,0000	 0,3740
2450,0000	 0,3751
2459,0000	 0,3751
2468,0000	 0,3773
2477,0000	 0,3828
2486,0000	 0,3751
2495,0000	 0,3773
2504,0000	 0,3839
2513,0000	 0,3817
2522,0000	 0,3795
2531,0000	 0,3817
2540,0000	 0,3839
2549,0000	 0,3806
2558,0000	 0,3773
2567,0000	 0,3762
2576,0000	 0,3795
2586,0000	 0,3762
2597,0000	 0,3795
2606,0000	 0,3751
2615,0000	 0,3729
2624,0000	 0,3828
2633,0000	 0,3817
2642,0000	 0,3795
2651,0000	 0,3873
2660,0000	 0,3839
2670,0000	 0,3762
2681,0000	 0,3817
2690,0000	 0,3740
2699,0000	 0,3817
2708,0000	 0,3850
2717,0000	 0,3828
2726,0000	 0,3850
2735,0000	 0,3740
2744,0000	 0,3828
2754,0000	 0,3773
2765,0000	 0,3762
2774,0000	 0,3873
2783,0000	 0,3784
2792,0000	 0,3839
2801,0000	 0,3773
2810,0000	 0,3839
2819,0000	 0,3762
2828,0000	 0,3828
2838,0000	 0,3784
2849,0000	 0,3773
2858,0000	 0,3806
2867,0000	 0,3873
2877,0000	 0,3839
2888,0000	 0,3762
2897,0000	 0,3751
2906,0000	 0,3861
2915,0000	 0,3850
2924,0000	 0,3784
2933,0000	 0,3784
2942,0000	 0,3751
2951,0000	 0,3795
2961,0000	 0,3861
2972,0000	 0,3784
2981,0000	 0,3751
2990,0000	 0,3861
2999,0000	 0,3795
3008,0000	 0,3773
