 0.0000	 0.0735
10.0000	 0.0710
22.0000	 0.0787
31.0000	 0.1085
40.0000	 0.1286
49.0000	 0.1286
58.0000	 0.1405
67.0000	 0.1527
76.0000	 0.1590
82.0000	 0.1849
94.0000	 0.2125
103.0000	 0.2125
112.0000	 0.2197
122.0000	 0.2344
133.0000	 0.2458
142.0000	 0.2344
151.0000	 0.2695
160.0000	 0.2818
166.0000	 0.2695
178.0000	 0.2818
187.0000	 0.2989
196.0000	 0.3076
206.0000	 0.2903
217.0000	 0.3351
226.0000	 0.2818
235.0000	 0.3211
244.0000	 0.3398
250.0000	 0.3351
262.0000	 0.3398
271.0000	 0.3495
280.0000	 0.3446
289.0000	 0.3593
298.0000	 0.3257
310.0000	 0.3398
319.0000	 0.3593
328.0000	 0.3446
334.0000	 0.3593
346.0000	 0.3904
355.0000	 0.4068
364.0000	 0.4012
373.0000	 0.4124
382.0000	 0.3958
394.0000	 0.4355
403.0000	 0.4415
413.0000	 0.4068
421.0000	 0.4012
430.0000	 0.4012
439.0000	 0.4355
448.0000	 0.4068
457.0000	 0.4415
466.0000	 0.4068
478.0000	 0.4124
487.0000	 0.4296
497.0000	 0.4012
505.0000	 0.4415
514.0000	 0.4476
523.0000	 0.4124
532.0000	 0.4415
541.0000	 0.4600
550.0000	 0.4538
562.0000	 0.4355
571.0000	 0.4415
581.0000	 0.4538
589.0000	 0.4415
598.0000	 0.4476
607.0000	 0.4296
616.0000	 0.4124
625.0000	 0.4415
634.0000	 0.4995
646.0000	 0.4728
655.0000	 0.4538
665.0000	 0.4793
673.0000	 0.4238
682.0000	 0.4728
691.0000	 0.4538
700.0000	 0.4600
709.0000	 0.4355
718.0000	 0.4476
730.0000	 0.4600
739.0000	 0.4927
749.0000	 0.4600
757.0000	 0.4296
766.0000	 0.4995
775.0000	 0.4663
784.0000	 0.4793
790.0000	 0.4663
799.0000	 0.4793
808.0000	 0.4476
817.0000	 0.4927
826.0000	 0.4793
835.0000	 0.5135
844.0000	 0.4600
853.0000	 0.5354
862.0000	 0.4859
872.0000	 0.4859
880.0000	 0.4927
889.0000	 0.4476
898.0000	 0.4476
907.0000	 0.5065
916.0000	 0.4728
925.0000	 0.4476
934.0000	 0.4415
943.0000	 0.4859
952.0000	 0.4728
958.0000	 0.5065
967.0000	 0.4415
976.0000	 0.4600
985.0000	 0.4538
994.0000	 0.4793
1003.0000	 0.4663
1012.0000	 0.4663
1021.0000	 0.4538
1030.0000	 0.4995
1040.0000	 0.5207
1048.0000	 0.4927
1057.0000	 0.4600
1066.0000	 0.4859
1075.0000	 0.5065
1084.0000	 0.5207
1093.0000	 0.4927
1102.0000	 0.4927
1111.0000	 0.4793
1120.0000	 0.4600
1126.0000	 0.5207
1138.0000	 0.4927
1150.0000	 0.4600
1159.0000	 0.4859
1168.0000	 0.4859
1177.0000	 0.5280
1186.0000	 0.4600
1195.0000	 0.5280
1205.0000	 0.4859
1213.0000	 0.4355
1222.0000	 0.4859
1231.0000	 0.4927
1240.0000	 0.4355
1249.0000	 0.4663
1258.0000	 0.4995
1270.0000	 0.5065
1279.0000	 0.4476
1289.0000	 0.4927
1297.0000	 0.4927
1306.0000	 0.5280
1315.0000	 0.4355
1324.0000	 0.4995
1333.0000	 0.5207
1342.0000	 0.4927
1354.0000	 0.4859
1363.0000	 0.4728
1373.0000	 0.4728
1381.0000	 0.4663
1390.0000	 0.4927
1399.0000	 0.4859
1408.0000	 0.5207
1417.0000	 0.4927
1426.0000	 0.4728
1438.0000	 0.4538
1447.0000	 0.4927
1457.0000	 0.4927
1465.0000	 0.4927
1474.0000	 0.5065
1483.0000	 0.4793
1492.0000	 0.5135
1501.0000	 0.4859
1510.0000	 0.4995
1522.0000	 0.4663
1531.0000	 0.4927
1540.0000	 0.4859
1549.0000	 0.4995
1558.0000	 0.4927
1567.0000	 0.5065
1576.0000	 0.4995
1582.0000	 0.4728
1594.0000	 0.4859
1606.0000	 0.5065
1615.0000	 0.4600
1624.0000	 0.4859
1633.0000	 0.5430
1642.0000	 0.4793
1651.0000	 0.5065
1660.0000	 0.5280
1666.0000	 0.5135
1678.0000	 0.4538
1690.0000	 0.4859
1699.0000	 0.5065
1708.0000	 0.5280
1717.0000	 0.4663
1726.0000	 0.5354
1735.0000	 0.4927
1744.0000	 0.4995
1750.0000	 0.4793
1762.0000	 0.5065
1774.0000	 0.5430
1783.0000	 0.4927
1792.0000	 0.5430
1801.0000	 0.4663
1810.0000	 0.4728
1819.0000	 0.5280
1828.0000	 0.4663
1834.0000	 0.4793
1846.0000	 0.4927
1858.0000	 0.5207
1867.0000	 0.4859
1876.0000	 0.4600
1885.0000	 0.4859
1894.0000	 0.5135
1903.0000	 0.4793
1913.0000	 0.5280
1921.0000	 0.4793
1930.0000	 0.4927
1942.0000	 0.5207
1951.0000	 0.4538
1960.0000	 0.4600
1969.0000	 0.5207
1978.0000	 0.4793
1987.0000	 0.4793
1997.0000	 0.4859
2005.0000	 0.4538
2014.0000	 0.4600
2023.0000	 0.4995
2032.0000	 0.4995
2041.0000	 0.4927
2050.0000	 0.4995
2062.0000	 0.4012
2071.0000	 0.4728
2081.0000	 0.5207
2089.0000	 0.5135
2098.0000	 0.4793
2107.0000	 0.4927
2116.0000	 0.5135
2125.0000	 0.4538
2134.0000	 0.5065
2146.0000	 0.5135
2155.0000	 0.4927
2165.0000	 0.4663
2173.0000	 0.5430
2182.0000	 0.4859
2191.0000	 0.4728
2200.0000	 0.4927
2209.0000	 0.4415
2218.0000	 0.4995
2230.0000	 0.5135
2239.0000	 0.4859
2249.0000	 0.5065
2257.0000	 0.4859
2266.0000	 0.5430
2275.0000	 0.4927
2284.0000	 0.4927
2290.0000	 0.5507
2302.0000	 0.4538
2314.0000	 0.4995
2323.0000	 0.5280
2332.0000	 0.4600
2341.0000	 0.5065
2350.0000	 0.4663
2359.0000	 0.5430
2368.0000	 0.4859
2374.0000	 0.4793
2386.0000	 0.4793
2398.0000	 0.5280
2407.0000	 0.4663
2416.0000	 0.4476
2425.0000	 0.4728
2434.0000	 0.4728
2443.0000	 0.4663
2452.0000	 0.4663
2458.0000	 0.5207
2470.0000	 0.4995
2482.0000	 0.5207
2491.0000	 0.5065
2500.0000	 0.4728
2509.0000	 0.5207
2518.0000	 0.4995
2527.0000	 0.5280
2536.0000	 0.4793
2542.0000	 0.4927
2554.0000	 0.5354
2566.0000	 0.4600
2575.0000	 0.4927
2584.0000	 0.4793
2593.0000	 0.5065
2602.0000	 0.4859
2611.0000	 0.4663
2620.0000	 0.4728
2626.0000	 0.4476
2638.0000	 0.4859
2650.0000	 0.5065
2659.0000	 0.4927
2668.0000	 0.5065
2677.0000	 0.5207
2686.0000	 0.4927
2695.0000	 0.5065
2705.0000	 0.4995
2713.0000	 0.5135
2722.0000	 0.5135
2731.0000	 0.4859
2740.0000	 0.4927
2749.0000	 0.5065
2758.0000	 0.4538
2770.0000	 0.4859
2779.0000	 0.5065
2789.0000	 0.4927
2797.0000	 0.5065
2806.0000	 0.4355
2815.0000	 0.5354
2824.0000	 0.4859
2833.0000	 0.5135
2842.0000	 0.5065
2854.0000	 0.5065
2863.0000	 0.4600
2873.0000	 0.4663
2881.0000	 0.5065
2890.0000	 0.5135
2902.0000	 0.4728
2911.0000	 0.5280
2920.0000	 0.5207
2929.0000	 0.4728
2938.0000	 0.4728
2947.0000	 0.5507
2957.0000	 0.4859
2965.0000	 0.5207
2974.0000	 0.4793
2983.0000	 0.5207
2992.0000	 0.4859
3001.0000	 0.4728
