 0.0000	 0.0840
11.0000	 0.0814
22.0000	 0.0893
31.0000	 0.1405
43.0000	 0.1685
53.0000	 0.1883
64.0000	 0.1653
73.0000	 0.1750
85.0000	 0.1883
95.0000	 0.1985
106.0000	 0.1750
115.0000	 0.1916
127.0000	 0.2054
137.0000	 0.2197
148.0000	 0.2197
157.0000	 0.2270
169.0000	 0.2654
179.0000	 0.2735
190.0000	 0.2903
199.0000	 0.2695
211.0000	 0.3211
221.0000	 0.2860
232.0000	 0.2945
241.0000	 0.3076
253.0000	 0.3166
263.0000	 0.4238
274.0000	 0.3257
283.0000	 0.3351
295.0000	 0.3544
305.0000	 0.3257
316.0000	 0.3398
325.0000	 0.3694
337.0000	 0.3398
346.0000	 0.3593
355.0000	 0.3694
367.0000	 0.3544
379.0000	 0.3850
388.0000	 0.3544
397.0000	 0.3495
409.0000	 0.3958
421.0000	 0.3798
430.0000	 0.3644
439.0000	 0.4180
451.0000	 0.4180
463.0000	 0.4124
472.0000	 0.4124
481.0000	 0.4068
493.0000	 0.4068
505.0000	 0.4068
514.0000	 0.4068
523.0000	 0.4124
535.0000	 0.4476
547.0000	 0.4068
556.0000	 0.4296
565.0000	 0.4476
577.0000	 0.4663
589.0000	 0.4793
598.0000	 0.4859
607.0000	 0.4728
619.0000	 0.4355
631.0000	 0.4663
640.0000	 0.4415
649.0000	 0.4180
661.0000	 0.4355
673.0000	 0.4538
682.0000	 0.4476
691.0000	 0.4476
703.0000	 0.4415
715.0000	 0.4538
721.0000	 0.4296
733.0000	 0.4600
745.0000	 0.4296
754.0000	 0.4476
763.0000	 0.4476
775.0000	 0.4600
787.0000	 0.4600
796.0000	 0.4859
805.0000	 0.4476
817.0000	 0.4296
829.0000	 0.4793
841.0000	 0.4600
850.0000	 0.4538
859.0000	 0.4927
871.0000	 0.4995
880.0000	 0.4663
889.0000	 0.4927
901.0000	 0.4600
913.0000	 0.4728
922.0000	 0.4663
931.0000	 0.5135
943.0000	 0.5135
955.0000	 0.4600
964.0000	 0.4538
973.0000	 0.4600
985.0000	 0.5207
997.0000	 0.4663
1006.0000	 0.4663
1015.0000	 0.4600
1027.0000	 0.5207
1039.0000	 0.4927
1048.0000	 0.4663
1057.0000	 0.4728
1069.0000	 0.4859
1081.0000	 0.4927
1090.0000	 0.4663
1099.0000	 0.4793
1111.0000	 0.4859
1123.0000	 0.4927
1132.0000	 0.4663
1141.0000	 0.5430
1153.0000	 0.5065
1165.0000	 0.4995
1174.0000	 0.5280
1183.0000	 0.4600
1195.0000	 0.4793
1207.0000	 0.4600
1216.0000	 0.4927
1225.0000	 0.4995
1237.0000	 0.4995
1249.0000	 0.5207
1258.0000	 0.4927
1267.0000	 0.5065
1279.0000	 0.4476
1291.0000	 0.4663
1300.0000	 0.4538
1309.0000	 0.4663
1321.0000	 0.5135
1333.0000	 0.4600
1342.0000	 0.4859
1351.0000	 0.4793
1363.0000	 0.4793
1375.0000	 0.5207
1384.0000	 0.4538
1393.0000	 0.5135
1405.0000	 0.5280
1417.0000	 0.4995
1426.0000	 0.4927
1435.0000	 0.4793
1447.0000	 0.5280
1459.0000	 0.4663
1469.0000	 0.4793
1480.0000	 0.4793
1489.0000	 0.4927
1501.0000	 0.4859
1511.0000	 0.5207
1522.0000	 0.4728
1531.0000	 0.4600
1543.0000	 0.4415
1553.0000	 0.4355
1564.0000	 0.4793
1573.0000	 0.4728
1585.0000	 0.4476
1595.0000	 0.5207
1606.0000	 0.5135
1615.0000	 0.4859
1627.0000	 0.4927
1637.0000	 0.4793
1648.0000	 0.4663
1657.0000	 0.5135
1669.0000	 0.4793
1679.0000	 0.4538
1690.0000	 0.4793
1699.0000	 0.4859
1711.0000	 0.4995
1721.0000	 0.5430
1732.0000	 0.4859
1741.0000	 0.4927
1753.0000	 0.4995
1763.0000	 0.4859
1774.0000	 0.5135
1783.0000	 0.4600
1795.0000	 0.4995
1805.0000	 0.4728
1816.0000	 0.5065
1825.0000	 0.4663
1837.0000	 0.4663
1846.0000	 0.5354
1855.0000	 0.4793
1867.0000	 0.4538
1879.0000	 0.5135
1888.0000	 0.4927
1897.0000	 0.4859
1909.0000	 0.5135
1921.0000	 0.4859
1930.0000	 0.4728
1939.0000	 0.4793
1951.0000	 0.5065
1963.0000	 0.4793
1972.0000	 0.4995
1981.0000	 0.5207
1993.0000	 0.4728
2005.0000	 0.4995
2014.0000	 0.4476
2023.0000	 0.4859
2035.0000	 0.5065
2047.0000	 0.4995
2056.0000	 0.5065
2065.0000	 0.4995
2077.0000	 0.4793
2089.0000	 0.4995
2098.0000	 0.4728
2107.0000	 0.4859
2119.0000	 0.5135
2131.0000	 0.4600
2140.0000	 0.5135
2149.0000	 0.4600
2161.0000	 0.4927
2173.0000	 0.4859
2182.0000	 0.4600
2191.0000	 0.4793
2203.0000	 0.5207
2215.0000	 0.5999
2224.0000	 0.4476
2233.0000	 0.4927
2245.0000	 0.5135
2257.0000	 0.5207
2266.0000	 0.4859
2275.0000	 0.4538
2287.0000	 0.4600
2299.0000	 0.4663
2305.0000	 0.4859
2317.0000	 0.4995
2329.0000	 0.5354
2338.0000	 0.5135
2347.0000	 0.4859
2359.0000	 0.4793
2371.0000	 0.4995
2380.0000	 0.4663
2389.0000	 0.4859
2401.0000	 0.5135
2413.0000	 0.4793
2422.0000	 0.4793
2431.0000	 0.5065
2443.0000	 0.4995
2455.0000	 0.4927
2464.0000	 0.4663
2473.0000	 0.4793
2485.0000	 0.4728
2497.0000	 0.4415
2506.0000	 0.4728
2515.0000	 0.4728
2527.0000	 0.4927
2539.0000	 0.5207
2548.0000	 0.5354
2557.0000	 0.4793
2569.0000	 0.4538
2581.0000	 0.4355
2590.0000	 0.4538
2599.0000	 0.4859
2611.0000	 0.4927
2623.0000	 0.5207
2632.0000	 0.4927
2641.0000	 0.4415
2653.0000	 0.4995
2665.0000	 0.5065
2678.0000	 0.4600
2689.0000	 0.4859
2701.0000	 0.4927
2713.0000	 0.4793
2722.0000	 0.4538
2731.0000	 0.5207
2743.0000	 0.4927
2755.0000	 0.4995
2764.0000	 0.5207
2773.0000	 0.5135
2785.0000	 0.4927
2797.0000	 0.4927
2806.0000	 0.4927
2815.0000	 0.5135
2827.0000	 0.4728
2839.0000	 0.4600
2848.0000	 0.4793
2857.0000	 0.5135
2869.0000	 0.4728
2881.0000	 0.4415
2890.0000	 0.4927
2899.0000	 0.5507
2911.0000	 0.5354
2923.0000	 0.4927
2932.0000	 0.4728
2941.0000	 0.4859
2953.0000	 0.4859
2965.0000	 0.4859
2974.0000	 0.4859
2983.0000	 0.4995
2995.0000	 0.4728
3004.0000	 0.4927
