 0,0000	 0,0410
11,0000	 0,0633
20,0000	 0,0746
29,0000	 0,0885
38,0000	 0,1046
47,0000	 0,1274
56,0000	 0,1361
65,0000	 0,1489
74,0000	 0,1581
83,0000	 0,1688
93,0000	 0,1826
104,0000	 0,1911
113,0000	 0,2049
122,0000	 0,2071
131,0000	 0,2191
140,0000	 0,2214
149,0000	 0,2354
158,0000	 0,2442
167,0000	 0,2482
176,0000	 0,2540
188,0000	 0,2649
197,0000	 0,2683
206,0000	 0,2786
215,0000	 0,2830
224,0000	 0,2883
233,0000	 0,2928
242,0000	 0,2983
251,0000	 0,2992
260,0000	 0,3029
272,0000	 0,3020
281,0000	 0,3151
290,0000	 0,3141
300,0000	 0,3160
311,0000	 0,3218
320,0000	 0,3237
329,0000	 0,3335
338,0000	 0,3218
347,0000	 0,3375
356,0000	 0,3276
365,0000	 0,3415
374,0000	 0,3385
384,0000	 0,3425
395,0000	 0,3395
404,0000	 0,3345
413,0000	 0,3425
422,0000	 0,3456
431,0000	 0,3476
440,0000	 0,3486
449,0000	 0,3456
458,0000	 0,3486
468,0000	 0,3538
479,0000	 0,3507
488,0000	 0,3590
497,0000	 0,3548
506,0000	 0,3538
515,0000	 0,3528
524,0000	 0,3601
533,0000	 0,3611
542,0000	 0,3611
552,0000	 0,3611
563,0000	 0,3590
572,0000	 0,3601
581,0000	 0,3718
590,0000	 0,3622
599,0000	 0,3538
608,0000	 0,3718
617,0000	 0,3601
626,0000	 0,3548
636,0000	 0,3664
647,0000	 0,3622
656,0000	 0,3697
665,0000	 0,3632
675,0000	 0,3697
686,0000	 0,3675
695,0000	 0,3751
704,0000	 0,3643
713,0000	 0,3686
722,0000	 0,3686
731,0000	 0,3622
740,0000	 0,3707
749,0000	 0,3654
759,0000	 0,3697
770,0000	 0,3707
779,0000	 0,3697
788,0000	 0,3751
797,0000	 0,3643
806,0000	 0,3664
818,0000	 0,3762
827,0000	 0,3707
836,0000	 0,3675
845,0000	 0,3697
854,0000	 0,3762
863,0000	 0,3729
872,0000	 0,3784
881,0000	 0,3697
890,0000	 0,3686
902,0000	 0,3740
911,0000	 0,3729
920,0000	 0,3773
929,0000	 0,3729
938,0000	 0,3643
947,0000	 0,3762
956,0000	 0,3654
965,0000	 0,3675
974,0000	 0,3751
986,0000	 0,3718
995,0000	 0,3740
1004,0000	 0,3773
1013,0000	 0,3707
1025,0000	 0,3686
1034,0000	 0,3697
1043,0000	 0,3751
1052,0000	 0,3697
1064,0000	 0,3762
1073,0000	 0,3697
1082,0000	 0,3686
1092,0000	 0,3850
1103,0000	 0,3718
1112,0000	 0,3697
1121,0000	 0,3643
1130,0000	 0,3751
1139,0000	 0,3718
1148,0000	 0,3718
1157,0000	 0,3654
1166,0000	 0,3762
1176,0000	 0,3697
1187,0000	 0,3686
1196,0000	 0,3806
1205,0000	 0,3718
1214,0000	 0,3697
1223,0000	 0,3622
1235,0000	 0,3707
1244,0000	 0,3718
1253,0000	 0,3707
1262,0000	 0,3707
1274,0000	 0,3828
1283,0000	 0,3762
1292,0000	 0,3751
1302,0000	 0,3718
1313,0000	 0,3654
1322,0000	 0,3643
1331,0000	 0,3729
1340,0000	 0,3806
1349,0000	 0,3697
1358,0000	 0,3664
1367,0000	 0,3718
1376,0000	 0,3773
1386,0000	 0,3718
1397,0000	 0,3751
1406,0000	 0,3707
1415,0000	 0,3784
1425,0000	 0,3697
1436,0000	 0,3718
1445,0000	 0,3718
1454,0000	 0,3773
1463,0000	 0,3675
1472,0000	 0,3697
1481,0000	 0,3784
1490,0000	 0,3773
1499,0000	 0,3675
1509,0000	 0,3718
1520,0000	 0,3718
1529,0000	 0,3697
1538,0000	 0,3686
1547,0000	 0,3643
1556,0000	 0,3718
1565,0000	 0,3686
1574,0000	 0,3686
1583,0000	 0,3697
1593,0000	 0,3697
1604,0000	 0,3686
1613,0000	 0,3729
1622,0000	 0,3697
1631,0000	 0,3773
1640,0000	 0,3611
1649,0000	 0,3664
1658,0000	 0,3686
1667,0000	 0,3729
1676,0000	 0,3762
1688,0000	 0,3675
1697,0000	 0,3686
1706,0000	 0,3762
1715,0000	 0,3707
1724,0000	 0,3697
1736,0000	 0,3751
1745,0000	 0,3707
1754,0000	 0,3697
1763,0000	 0,3707
1775,0000	 0,3707
1784,0000	 0,3718
1793,0000	 0,3718
1802,0000	 0,3740
1814,0000	 0,3707
1823,0000	 0,3729
1832,0000	 0,3718
1842,0000	 0,3643
1853,0000	 0,3697
1862,0000	 0,3664
1871,0000	 0,3707
1880,0000	 0,3718
1889,0000	 0,3707
1898,0000	 0,3762
1907,0000	 0,3675
1919,0000	 0,3707
1928,0000	 0,3773
1940,0000	 0,3707
1949,0000	 0,3707
1958,0000	 0,3675
1968,0000	 0,3697
1979,0000	 0,3718
1988,0000	 0,3718
1997,0000	 0,3697
2006,0000	 0,3686
2015,0000	 0,3740
2027,0000	 0,3686
2036,0000	 0,3762
2045,0000	 0,3773
2054,0000	 0,3806
2063,0000	 0,3611
2072,0000	 0,3654
2081,0000	 0,3697
2090,0000	 0,3675
2099,0000	 0,3817
2111,0000	 0,3643
2120,0000	 0,3740
2129,0000	 0,3817
2138,0000	 0,3718
2150,0000	 0,3686
2159,0000	 0,3686
2168,0000	 0,3751
2177,0000	 0,3664
2189,0000	 0,3654
2198,0000	 0,3718
2207,0000	 0,3569
2217,0000	 0,3718
2228,0000	 0,3697
2237,0000	 0,3718
2246,0000	 0,3729
2255,0000	 0,3718
2264,0000	 0,3718
2276,0000	 0,3707
2285,0000	 0,3718
2294,0000	 0,3697
2303,0000	 0,3697
2315,0000	 0,3729
2324,0000	 0,3751
2333,0000	 0,3707
2343,0000	 0,3686
2354,0000	 0,3707
2363,0000	 0,3654
2372,0000	 0,3697
2381,0000	 0,3762
2390,0000	 0,3740
2402,0000	 0,3697
2411,0000	 0,3697
2420,0000	 0,3654
2429,0000	 0,3697
2441,0000	 0,3718
2450,0000	 0,3664
2459,0000	 0,3707
2468,0000	 0,3643
2480,0000	 0,3654
2489,0000	 0,3773
2498,0000	 0,3718
2507,0000	 0,3707
2516,0000	 0,3664
2528,0000	 0,3729
2537,0000	 0,3740
2546,0000	 0,3686
2555,0000	 0,3751
2567,0000	 0,3664
2576,0000	 0,3675
2585,0000	 0,3751
2594,0000	 0,3718
2606,0000	 0,3697
2615,0000	 0,3762
2624,0000	 0,3697
2634,0000	 0,3740
2645,0000	 0,3611
2654,0000	 0,3675
2663,0000	 0,3654
2672,0000	 0,3718
2681,0000	 0,3686
2693,0000	 0,3707
2702,0000	 0,3675
2711,0000	 0,3729
2720,0000	 0,3654
2732,0000	 0,3675
2741,0000	 0,3707
2750,0000	 0,3643
2760,0000	 0,3697
2771,0000	 0,3686
2780,0000	 0,3729
2789,0000	 0,3697
2798,0000	 0,3654
2807,0000	 0,3686
2819,0000	 0,3729
2828,0000	 0,3686
2837,0000	 0,3643
2846,0000	 0,3654
2858,0000	 0,3675
2867,0000	 0,3707
2876,0000	 0,3718
2886,0000	 0,3675
2897,0000	 0,3686
2906,0000	 0,3740
2915,0000	 0,3643
2925,0000	 0,3643
2936,0000	 0,3707
2945,0000	 0,3654
2954,0000	 0,3622
2963,0000	 0,3664
2972,0000	 0,3697
2984,0000	 0,3675
2993,0000	 0,3740
3002,0000	 0,3654
