 0,0000	 0,0375
10,0000	 0,0606
19,0000	 0,0741
32,0000	 0,0936
40,0000	 0,1069
49,0000	 0,1237
61,0000	 0,1374
73,0000	 0,1522
82,0000	 0,1641
91,0000	 0,1763
103,0000	 0,1826
115,0000	 0,1975
124,0000	 0,2005
136,0000	 0,2138
148,0000	 0,2252
157,0000	 0,2222
166,0000	 0,2338
175,0000	 0,2402
187,0000	 0,2499
199,0000	 0,2598
208,0000	 0,2491
217,0000	 0,2640
229,0000	 0,2666
241,0000	 0,2725
250,0000	 0,2725
259,0000	 0,2848
271,0000	 0,2769
283,0000	 0,2901
292,0000	 0,3001
304,0000	 0,2937
316,0000	 0,2955
325,0000	 0,3001
334,0000	 0,2937
343,0000	 0,2928
355,0000	 0,2992
367,0000	 0,3094
376,0000	 0,3113
385,0000	 0,3075
397,0000	 0,3113
409,0000	 0,3103
418,0000	 0,3170
427,0000	 0,3141
439,0000	 0,3141
448,0000	 0,3160
457,0000	 0,3160
466,0000	 0,3122
475,0000	 0,3247
488,0000	 0,3189
496,0000	 0,3170
508,0000	 0,3151
520,0000	 0,3218
532,0000	 0,3208
541,0000	 0,3160
550,0000	 0,3189
559,0000	 0,3208
572,0000	 0,3237
580,0000	 0,3276
589,0000	 0,3208
601,0000	 0,3295
614,0000	 0,3218
622,0000	 0,3256
631,0000	 0,3286
643,0000	 0,3266
656,0000	 0,3315
664,0000	 0,3315
676,0000	 0,3256
688,0000	 0,3256
700,0000	 0,3355
709,0000	 0,3247
721,0000	 0,3305
733,0000	 0,3305
742,0000	 0,3315
751,0000	 0,3286
760,0000	 0,3355
772,0000	 0,3355
784,0000	 0,3218
793,0000	 0,3276
802,0000	 0,3266
811,0000	 0,3305
823,0000	 0,3256
832,0000	 0,3325
841,0000	 0,3315
853,0000	 0,3266
865,0000	 0,3335
874,0000	 0,3335
883,0000	 0,3295
895,0000	 0,3325
907,0000	 0,3208
916,0000	 0,3266
925,0000	 0,3286
937,0000	 0,3305
949,0000	 0,3295
958,0000	 0,3345
967,0000	 0,3286
979,0000	 0,3315
991,0000	 0,3325
1000,0000	 0,3355
1009,0000	 0,3345
1021,0000	 0,3266
1033,0000	 0,3256
1042,0000	 0,3325
1051,0000	 0,3395
1063,0000	 0,3286
1075,0000	 0,3315
1084,0000	 0,3315
1096,0000	 0,3345
1108,0000	 0,3315
1117,0000	 0,3335
1126,0000	 0,3385
1135,0000	 0,3325
1147,0000	 0,3325
1159,0000	 0,3286
1168,0000	 0,3305
1177,0000	 0,3295
1189,0000	 0,3355
1198,0000	 0,3237
1207,0000	 0,3355
1216,0000	 0,3355
1228,0000	 0,3227
1240,0000	 0,3295
1249,0000	 0,3295
1261,0000	 0,3266
1273,0000	 0,3345
1282,0000	 0,3295
1291,0000	 0,3335
1300,0000	 0,3266
1312,0000	 0,3365
1324,0000	 0,3305
1333,0000	 0,3335
1342,0000	 0,3198
1351,0000	 0,3276
1364,0000	 0,3335
1372,0000	 0,3266
1381,0000	 0,3365
1393,0000	 0,3345
1406,0000	 0,3355
1414,0000	 0,3325
1423,0000	 0,3256
1435,0000	 0,3295
1448,0000	 0,3315
1456,0000	 0,3315
1468,0000	 0,3295
1480,0000	 0,3256
1492,0000	 0,3256
1501,0000	 0,3315
1510,0000	 0,3335
1519,0000	 0,3305
1532,0000	 0,3295
1540,0000	 0,3375
1549,0000	 0,3305
1561,0000	 0,3295
1573,0000	 0,3286
1582,0000	 0,3335
1591,0000	 0,3305
1603,0000	 0,3335
1615,0000	 0,3227
1624,0000	 0,3315
1636,0000	 0,3305
1648,0000	 0,3325
1657,0000	 0,3335
1666,0000	 0,3286
1675,0000	 0,3295
1687,0000	 0,3395
1699,0000	 0,3295
1708,0000	 0,3395
1717,0000	 0,3276
1729,0000	 0,3355
1741,0000	 0,3305
1750,0000	 0,3286
1759,0000	 0,3335
1771,0000	 0,3325
1783,0000	 0,3305
1792,0000	 0,3266
1801,0000	 0,3256
1813,0000	 0,3325
1825,0000	 0,3325
1834,0000	 0,3295
1843,0000	 0,3237
1855,0000	 0,3286
1867,0000	 0,3325
1876,0000	 0,3276
1885,0000	 0,3305
1897,0000	 0,3305
1909,0000	 0,3286
1918,0000	 0,3266
1927,0000	 0,3335
1939,0000	 0,3276
1948,0000	 0,3286
1957,0000	 0,3315
1966,0000	 0,3276
1975,0000	 0,3335
1988,0000	 0,3365
1996,0000	 0,3395
2008,0000	 0,3345
2020,0000	 0,3276
2032,0000	 0,3345
2041,0000	 0,3325
2053,0000	 0,3286
2065,0000	 0,3425
2074,0000	 0,3295
2083,0000	 0,3335
2092,0000	 0,3276
2104,0000	 0,3315
2116,0000	 0,3335
2125,0000	 0,3315
2134,0000	 0,3286
2143,0000	 0,3315
2156,0000	 0,3218
2164,0000	 0,3325
2173,0000	 0,3266
2185,0000	 0,3295
2198,0000	 0,3295
2206,0000	 0,3227
2215,0000	 0,3375
2227,0000	 0,3305
2240,0000	 0,3266
2248,0000	 0,3237
2260,0000	 0,3266
2272,0000	 0,3295
2284,0000	 0,3276
2293,0000	 0,3315
2305,0000	 0,3276
2317,0000	 0,3305
2326,0000	 0,3315
2335,0000	 0,3256
2347,0000	 0,3325
2359,0000	 0,3335
2368,0000	 0,3305
2380,0000	 0,3315
2392,0000	 0,3237
2405,0000	 0,3295
2413,0000	 0,3325
2422,0000	 0,3375
2431,0000	 0,3295
2443,0000	 0,3286
2452,0000	 0,3335
2461,0000	 0,3266
2473,0000	 0,3286
2485,0000	 0,3305
2494,0000	 0,3286
2503,0000	 0,3335
2515,0000	 0,3256
2527,0000	 0,3237
2536,0000	 0,3325
2548,0000	 0,3305
2560,0000	 0,3355
2573,0000	 0,3295
2581,0000	 0,3295
2593,0000	 0,3295
2605,0000	 0,3256
2617,0000	 0,3286
2626,0000	 0,3218
2635,0000	 0,3256
2647,0000	 0,3375
2659,0000	 0,3276
2671,0000	 0,3345
2683,0000	 0,3266
2696,0000	 0,3237
2704,0000	 0,3375
2713,0000	 0,3345
2725,0000	 0,3266
2738,0000	 0,3266
2746,0000	 0,3325
2755,0000	 0,3286
2767,0000	 0,3286
2780,0000	 0,3345
2788,0000	 0,3315
2797,0000	 0,3315
2809,0000	 0,3295
2822,0000	 0,3305
2830,0000	 0,3256
2839,0000	 0,3335
2851,0000	 0,3256
2864,0000	 0,3286
2872,0000	 0,3286
2884,0000	 0,3227
2896,0000	 0,3445
2908,0000	 0,3315
2917,0000	 0,3345
2926,0000	 0,3276
2935,0000	 0,3247
2948,0000	 0,3237
2956,0000	 0,3335
2965,0000	 0,3198
2977,0000	 0,3315
2990,0000	 0,3247
2998,0000	 0,3266
3007,0000	 0,3256
