 0,0000	 0,0295
10,0000	 0,0450
19,0000	 0,0522
28,0000	 0,0660
37,0000	 0,0741
46,0000	 0,0834
55,0000	 0,0942
64,0000	 0,1057
73,0000	 0,1146
83,0000	 0,1237
94,0000	 0,1317
103,0000	 0,1399
112,0000	 0,1457
121,0000	 0,1535
130,0000	 0,1581
139,0000	 0,1688
148,0000	 0,1791
157,0000	 0,1819
167,0000	 0,1918
178,0000	 0,1939
187,0000	 0,2027
196,0000	 0,2153
206,0000	 0,2145
217,0000	 0,2222
226,0000	 0,2362
235,0000	 0,2307
244,0000	 0,2442
253,0000	 0,2410
262,0000	 0,2532
271,0000	 0,2581
280,0000	 0,2598
290,0000	 0,2657
301,0000	 0,2640
310,0000	 0,2725
319,0000	 0,2760
328,0000	 0,2751
337,0000	 0,2786
346,0000	 0,2874
355,0000	 0,2919
364,0000	 0,2937
374,0000	 0,2955
385,0000	 0,2965
394,0000	 0,3057
403,0000	 0,3001
412,0000	 0,3085
421,0000	 0,3085
430,0000	 0,3103
439,0000	 0,3141
448,0000	 0,3170
458,0000	 0,3189
469,0000	 0,3198
478,0000	 0,3276
487,0000	 0,3218
496,0000	 0,3227
505,0000	 0,3256
514,0000	 0,3286
523,0000	 0,3355
532,0000	 0,3345
542,0000	 0,3345
553,0000	 0,3305
562,0000	 0,3405
571,0000	 0,3445
581,0000	 0,3415
592,0000	 0,3385
601,0000	 0,3445
610,0000	 0,3425
619,0000	 0,3425
628,0000	 0,3517
637,0000	 0,3486
646,0000	 0,3476
655,0000	 0,3507
665,0000	 0,3466
676,0000	 0,3517
685,0000	 0,3548
694,0000	 0,3569
703,0000	 0,3517
712,0000	 0,3538
721,0000	 0,3507
730,0000	 0,3569
739,0000	 0,3601
749,0000	 0,3601
760,0000	 0,3675
769,0000	 0,3697
778,0000	 0,3622
787,0000	 0,3664
796,0000	 0,3611
805,0000	 0,3569
814,0000	 0,3559
823,0000	 0,3611
832,0000	 0,3559
841,0000	 0,3559
850,0000	 0,3784
859,0000	 0,3632
868,0000	 0,3611
877,0000	 0,3622
886,0000	 0,3686
895,0000	 0,3686
904,0000	 0,3643
913,0000	 0,3654
922,0000	 0,3686
931,0000	 0,3675
940,0000	 0,3707
949,0000	 0,3675
958,0000	 0,3590
967,0000	 0,3697
976,0000	 0,3740
985,0000	 0,3632
994,0000	 0,3707
1003,0000	 0,3762
1012,0000	 0,3611
1021,0000	 0,3697
1030,0000	 0,3795
1040,0000	 0,3697
1051,0000	 0,3718
1060,0000	 0,3773
1069,0000	 0,3643
1078,0000	 0,3664
1087,0000	 0,3707
1096,0000	 0,3675
1105,0000	 0,3762
1114,0000	 0,3751
1124,0000	 0,3784
1135,0000	 0,3729
1144,0000	 0,3675
1153,0000	 0,3773
1162,0000	 0,3784
1171,0000	 0,3795
1180,0000	 0,3643
1189,0000	 0,3762
1198,0000	 0,3751
1208,0000	 0,3762
1216,0000	 0,3654
1225,0000	 0,3773
1234,0000	 0,3718
1243,0000	 0,3707
1252,0000	 0,3828
1261,0000	 0,3707
1270,0000	 0,3697
1279,0000	 0,3707
1288,0000	 0,3828
1297,0000	 0,3740
1306,0000	 0,3740
1315,0000	 0,3729
1324,0000	 0,3740
1333,0000	 0,3718
1342,0000	 0,3686
1351,0000	 0,3861
1360,0000	 0,3729
1369,0000	 0,3795
1378,0000	 0,3718
1387,0000	 0,3773
1396,0000	 0,3850
1405,0000	 0,3828
1415,0000	 0,3773
1426,0000	 0,3718
1435,0000	 0,3751
1444,0000	 0,3773
1453,0000	 0,3718
1462,0000	 0,3740
1471,0000	 0,3784
1480,0000	 0,3751
1489,0000	 0,3751
1499,0000	 0,3751
1510,0000	 0,3740
1519,0000	 0,3740
1528,0000	 0,3740
1537,0000	 0,3773
1546,0000	 0,3806
1555,0000	 0,3729
1564,0000	 0,3773
1573,0000	 0,3707
1583,0000	 0,3751
1594,0000	 0,3751
1603,0000	 0,3697
1612,0000	 0,3729
1621,0000	 0,3795
1630,0000	 0,3707
1639,0000	 0,3718
1648,0000	 0,3762
1657,0000	 0,3817
1667,0000	 0,3707
1678,0000	 0,3707
1687,0000	 0,3806
1696,0000	 0,3784
1706,0000	 0,3762
1717,0000	 0,3729
1726,0000	 0,3806
1735,0000	 0,3740
1744,0000	 0,3751
1753,0000	 0,3729
1762,0000	 0,3773
1771,0000	 0,3773
1780,0000	 0,3740
1790,0000	 0,3806
1801,0000	 0,3686
1810,0000	 0,3686
1819,0000	 0,3795
1828,0000	 0,3697
1837,0000	 0,3675
1846,0000	 0,3751
1855,0000	 0,3729
1864,0000	 0,3718
1874,0000	 0,3773
1885,0000	 0,3751
1894,0000	 0,3751
1903,0000	 0,3828
1912,0000	 0,3718
1921,0000	 0,3806
1930,0000	 0,3762
1939,0000	 0,3718
1948,0000	 0,3784
1958,0000	 0,3718
1969,0000	 0,3740
1978,0000	 0,3697
1987,0000	 0,3806
1996,0000	 0,3707
2005,0000	 0,3762
2014,0000	 0,3751
2023,0000	 0,3707
2032,0000	 0,3751
2042,0000	 0,3740
2053,0000	 0,3817
2062,0000	 0,3806
2071,0000	 0,3762
2081,0000	 0,3773
2092,0000	 0,3740
2101,0000	 0,3762
2110,0000	 0,3762
2119,0000	 0,3773
2128,0000	 0,3784
2137,0000	 0,3729
2146,0000	 0,3795
2155,0000	 0,3643
2165,0000	 0,3795
2176,0000	 0,3762
2185,0000	 0,3784
2194,0000	 0,3861
2203,0000	 0,3718
2212,0000	 0,3654
2221,0000	 0,3707
2230,0000	 0,3740
2239,0000	 0,3806
2249,0000	 0,3718
2260,0000	 0,3697
2269,0000	 0,3632
2278,0000	 0,3664
2287,0000	 0,3707
2296,0000	 0,3828
2305,0000	 0,3740
2314,0000	 0,3762
2323,0000	 0,3718
2332,0000	 0,3784
2341,0000	 0,3729
2350,0000	 0,3751
2359,0000	 0,3729
2368,0000	 0,3762
2377,0000	 0,3707
2386,0000	 0,3740
2395,0000	 0,3729
2404,0000	 0,3762
2413,0000	 0,3795
2422,0000	 0,3740
2431,0000	 0,3707
2440,0000	 0,3751
2449,0000	 0,3762
2458,0000	 0,3707
2467,0000	 0,3686
2476,0000	 0,3718
2485,0000	 0,3762
2494,0000	 0,3784
2503,0000	 0,3762
2512,0000	 0,3740
2521,0000	 0,3795
2530,0000	 0,3751
2540,0000	 0,3707
2551,0000	 0,3611
2560,0000	 0,3729
2569,0000	 0,3718
2578,0000	 0,3729
2587,0000	 0,3828
2596,0000	 0,3675
2605,0000	 0,3762
2614,0000	 0,3718
2624,0000	 0,3762
2635,0000	 0,3751
2644,0000	 0,3729
2653,0000	 0,3718
2662,0000	 0,3729
2671,0000	 0,3751
2680,0000	 0,3773
2689,0000	 0,3773
2698,0000	 0,3729
2708,0000	 0,3707
2719,0000	 0,3762
2728,0000	 0,3697
2737,0000	 0,3707
2746,0000	 0,3707
2755,0000	 0,3675
2764,0000	 0,3664
2773,0000	 0,3686
2782,0000	 0,3806
2792,0000	 0,3806
2803,0000	 0,3740
2812,0000	 0,3784
2821,0000	 0,3773
2831,0000	 0,3718
2842,0000	 0,3707
2851,0000	 0,3751
2860,0000	 0,3806
2869,0000	 0,3718
2878,0000	 0,3751
2887,0000	 0,3654
2896,0000	 0,3707
2905,0000	 0,3675
2915,0000	 0,3707
2926,0000	 0,3729
2935,0000	 0,3850
2944,0000	 0,3729
2953,0000	 0,3784
2962,0000	 0,3740
2971,0000	 0,3762
2980,0000	 0,3611
2989,0000	 0,3729
2999,0000	 0,3806
3010,0000	 0,3751
