 0,0000	 0,0380
11,0000	 0,0476
23,0000	 0,0660
35,0000	 0,0834
47,0000	 0,0970
59,0000	 0,1081
71,0000	 0,1140
83,0000	 0,1324
95,0000	 0,1399
107,0000	 0,1554
119,0000	 0,1708
131,0000	 0,1749
143,0000	 0,1854
155,0000	 0,1975
167,0000	 0,2027
179,0000	 0,2108
191,0000	 0,2123
203,0000	 0,2252
215,0000	 0,2354
227,0000	 0,2378
239,0000	 0,2474
251,0000	 0,2532
263,0000	 0,2581
275,0000	 0,2615
287,0000	 0,2725
299,0000	 0,2786
311,0000	 0,2804
323,0000	 0,2883
336,0000	 0,2946
347,0000	 0,2919
359,0000	 0,2955
371,0000	 0,3010
380,0000	 0,3094
392,0000	 0,3057
404,0000	 0,3113
416,0000	 0,3122
428,0000	 0,3151
440,0000	 0,3189
452,0000	 0,3189
464,0000	 0,3266
476,0000	 0,3315
488,0000	 0,3295
500,0000	 0,3335
512,0000	 0,3345
524,0000	 0,3415
536,0000	 0,3395
548,0000	 0,3405
560,0000	 0,3405
572,0000	 0,3486
584,0000	 0,3486
596,0000	 0,3486
608,0000	 0,3456
620,0000	 0,3466
632,0000	 0,3538
644,0000	 0,3559
656,0000	 0,3517
668,0000	 0,3507
680,0000	 0,3569
692,0000	 0,3569
704,0000	 0,3559
713,0000	 0,3622
722,0000	 0,3538
734,0000	 0,3632
746,0000	 0,3590
755,0000	 0,3528
767,0000	 0,3654
779,0000	 0,3654
791,0000	 0,3590
803,0000	 0,3601
815,0000	 0,3664
827,0000	 0,3601
839,0000	 0,3622
851,0000	 0,3697
863,0000	 0,3643
875,0000	 0,3697
887,0000	 0,3654
899,0000	 0,3817
911,0000	 0,3707
923,0000	 0,3686
935,0000	 0,3632
947,0000	 0,3697
959,0000	 0,3751
971,0000	 0,3686
983,0000	 0,3622
995,0000	 0,3675
1007,0000	 0,3686
1019,0000	 0,3654
1031,0000	 0,3729
1043,0000	 0,3751
1055,0000	 0,3740
1067,0000	 0,3740
1079,0000	 0,3740
1088,0000	 0,3729
1100,0000	 0,3740
1112,0000	 0,3718
1124,0000	 0,3729
1136,0000	 0,3784
1148,0000	 0,3729
1160,0000	 0,3697
1172,0000	 0,3762
1184,0000	 0,3729
1196,0000	 0,3654
1208,0000	 0,3762
1220,0000	 0,3773
1232,0000	 0,3762
1244,0000	 0,3718
1256,0000	 0,3740
1268,0000	 0,3773
1280,0000	 0,3839
1292,0000	 0,3784
1304,0000	 0,3740
1316,0000	 0,3729
1328,0000	 0,3817
1340,0000	 0,3740
1352,0000	 0,3718
1364,0000	 0,3729
1376,0000	 0,3762
1388,0000	 0,3817
1400,0000	 0,3773
1412,0000	 0,3718
1424,0000	 0,3740
1436,0000	 0,3762
1448,0000	 0,3762
1461,0000	 0,3806
1469,0000	 0,3751
1478,0000	 0,3729
1490,0000	 0,3773
1503,0000	 0,3795
1514,0000	 0,3707
1526,0000	 0,3718
1538,0000	 0,3707
1547,0000	 0,3762
1559,0000	 0,3751
1571,0000	 0,3762
1583,0000	 0,3806
1595,0000	 0,3751
1607,0000	 0,3740
1619,0000	 0,3784
1631,0000	 0,3762
1643,0000	 0,3697
1655,0000	 0,3795
1667,0000	 0,3817
1679,0000	 0,3729
1691,0000	 0,3784
1703,0000	 0,3686
1715,0000	 0,3654
1727,0000	 0,3839
1739,0000	 0,3686
1751,0000	 0,3773
1763,0000	 0,3817
1775,0000	 0,3707
1787,0000	 0,3817
1799,0000	 0,3795
1811,0000	 0,3729
1823,0000	 0,3740
1836,0000	 0,3806
1847,0000	 0,3828
1859,0000	 0,3773
1871,0000	 0,3861
1880,0000	 0,3707
1892,0000	 0,3762
1904,0000	 0,3762
1916,0000	 0,3839
1928,0000	 0,3707
1940,0000	 0,3784
1952,0000	 0,3817
1964,0000	 0,3751
1976,0000	 0,3806
1988,0000	 0,3697
2000,0000	 0,3729
2012,0000	 0,3762
2024,0000	 0,3718
2036,0000	 0,3828
2048,0000	 0,3740
2060,0000	 0,3718
2072,0000	 0,3773
2084,0000	 0,3806
2096,0000	 0,3740
2108,0000	 0,3773
2120,0000	 0,3718
2132,0000	 0,3773
2144,0000	 0,3795
2156,0000	 0,3697
2168,0000	 0,3707
2180,0000	 0,3664
2192,0000	 0,3707
2204,0000	 0,3686
2213,0000	 0,3622
2222,0000	 0,3718
2234,0000	 0,3784
2246,0000	 0,3784
2255,0000	 0,3697
2267,0000	 0,3729
2279,0000	 0,3686
2291,0000	 0,3697
2303,0000	 0,3740
2315,0000	 0,3751
2327,0000	 0,3817
2339,0000	 0,3697
2351,0000	 0,3762
2363,0000	 0,3751
2375,0000	 0,3740
2387,0000	 0,3751
2399,0000	 0,3707
2411,0000	 0,3784
2423,0000	 0,3828
2435,0000	 0,3643
2447,0000	 0,3762
2459,0000	 0,3751
2471,0000	 0,3729
2483,0000	 0,3795
2495,0000	 0,3762
2507,0000	 0,3654
2519,0000	 0,3718
2531,0000	 0,3718
2543,0000	 0,3707
2555,0000	 0,3718
2567,0000	 0,3740
2579,0000	 0,3773
2588,0000	 0,3697
2600,0000	 0,3773
2612,0000	 0,3850
2624,0000	 0,3729
2636,0000	 0,3707
2648,0000	 0,3697
2660,0000	 0,3773
2672,0000	 0,3718
2684,0000	 0,3697
2696,0000	 0,3622
2708,0000	 0,3773
2720,0000	 0,3664
2732,0000	 0,3718
2744,0000	 0,3751
2756,0000	 0,3718
2768,0000	 0,3751
2780,0000	 0,3751
2792,0000	 0,3762
2804,0000	 0,3795
2816,0000	 0,3740
2828,0000	 0,3718
2840,0000	 0,3729
2852,0000	 0,3697
2864,0000	 0,3611
2876,0000	 0,3718
2888,0000	 0,3751
2900,0000	 0,3697
2912,0000	 0,3740
2924,0000	 0,3729
2936,0000	 0,3762
2948,0000	 0,3729
2961,0000	 0,3751
2969,0000	 0,3795
2978,0000	 0,3762
2990,0000	 0,3686
3003,0000	 0,3675
