 0,0000	 0,0188
10,0000	 0,0270
22,0000	 0,0385
35,0000	 0,0471
46,0000	 0,0569
58,0000	 0,0643
70,0000	 0,0773
82,0000	 0,0919
94,0000	 0,0942
106,0000	 0,1017
119,0000	 0,1111
130,0000	 0,1207
142,0000	 0,1256
154,0000	 0,1317
163,0000	 0,1355
175,0000	 0,1425
187,0000	 0,1574
199,0000	 0,1587
208,0000	 0,1661
220,0000	 0,1681
232,0000	 0,1736
244,0000	 0,1819
256,0000	 0,1826
268,0000	 0,1868
280,0000	 0,1954
292,0000	 0,2027
304,0000	 0,2034
316,0000	 0,2093
328,0000	 0,2153
340,0000	 0,2153
352,0000	 0,2222
364,0000	 0,2245
373,0000	 0,2276
385,0000	 0,2338
397,0000	 0,2354
410,0000	 0,2410
421,0000	 0,2338
433,0000	 0,2458
445,0000	 0,2548
457,0000	 0,2491
469,0000	 0,2590
481,0000	 0,2590
494,0000	 0,2700
505,0000	 0,2649
517,0000	 0,2666
529,0000	 0,2734
541,0000	 0,2725
553,0000	 0,2795
565,0000	 0,2725
578,0000	 0,2760
589,0000	 0,2839
601,0000	 0,2812
613,0000	 0,2848
625,0000	 0,2874
637,0000	 0,2892
649,0000	 0,2901
661,0000	 0,2946
673,0000	 0,2919
685,0000	 0,2919
697,0000	 0,3029
709,0000	 0,3010
721,0000	 0,2946
733,0000	 0,3085
745,0000	 0,3103
757,0000	 0,3113
769,0000	 0,3001
781,0000	 0,3075
790,0000	 0,3057
802,0000	 0,3038
814,0000	 0,3075
827,0000	 0,3122
838,0000	 0,3085
850,0000	 0,3132
862,0000	 0,3132
874,0000	 0,3227
886,0000	 0,3160
898,0000	 0,3189
911,0000	 0,3189
922,0000	 0,3237
934,0000	 0,3160
946,0000	 0,3160
958,0000	 0,3218
970,0000	 0,3305
982,0000	 0,3208
994,0000	 0,3208
1006,0000	 0,3208
1018,0000	 0,3189
1030,0000	 0,3237
1039,0000	 0,3286
1051,0000	 0,3208
1063,0000	 0,3208
1076,0000	 0,3227
1087,0000	 0,3247
1099,0000	 0,3266
1111,0000	 0,3237
1123,0000	 0,3355
1135,0000	 0,3335
1147,0000	 0,3305
1160,0000	 0,3286
1171,0000	 0,3325
1183,0000	 0,3305
1195,0000	 0,3315
1207,0000	 0,3335
1219,0000	 0,3286
1231,0000	 0,3315
1244,0000	 0,3335
1255,0000	 0,3375
1267,0000	 0,3355
1279,0000	 0,3335
1291,0000	 0,3385
1303,0000	 0,3305
1315,0000	 0,3365
1328,0000	 0,3365
1339,0000	 0,3325
1351,0000	 0,3405
1363,0000	 0,3395
1375,0000	 0,3415
1387,0000	 0,3345
1399,0000	 0,3425
1411,0000	 0,3385
1423,0000	 0,3405
1435,0000	 0,3335
1447,0000	 0,3435
1459,0000	 0,3395
1471,0000	 0,3415
1483,0000	 0,3355
1495,0000	 0,3385
1507,0000	 0,3375
1519,0000	 0,3385
1531,0000	 0,3445
1543,0000	 0,3218
1555,0000	 0,3305
1567,0000	 0,3425
1579,0000	 0,3375
1591,0000	 0,3415
1603,0000	 0,3355
1615,0000	 0,3395
1624,0000	 0,3445
1636,0000	 0,3335
1648,0000	 0,3365
1657,0000	 0,3456
1666,0000	 0,3315
1678,0000	 0,3315
1690,0000	 0,3365
1703,0000	 0,3405
1714,0000	 0,3395
1726,0000	 0,3375
1738,0000	 0,3365
1750,0000	 0,3395
1762,0000	 0,3405
1774,0000	 0,3486
1786,0000	 0,3415
1798,0000	 0,3445
1810,0000	 0,3355
1822,0000	 0,3425
1834,0000	 0,3405
1846,0000	 0,3355
1858,0000	 0,3405
1870,0000	 0,3385
1882,0000	 0,3486
1894,0000	 0,3395
1906,0000	 0,3415
1918,0000	 0,3375
1930,0000	 0,3395
1942,0000	 0,3335
1954,0000	 0,3415
1966,0000	 0,3435
1978,0000	 0,3345
1990,0000	 0,3405
2002,0000	 0,3425
2014,0000	 0,3445
2026,0000	 0,3395
2038,0000	 0,3445
2050,0000	 0,3405
2062,0000	 0,3425
2074,0000	 0,3395
2086,0000	 0,3395
2098,0000	 0,3355
2110,0000	 0,3445
2122,0000	 0,3395
2134,0000	 0,3405
2146,0000	 0,3435
2159,0000	 0,3325
2170,0000	 0,3365
2182,0000	 0,3425
2194,0000	 0,3486
2206,0000	 0,3415
2218,0000	 0,3538
2230,0000	 0,3548
2243,0000	 0,3507
2254,0000	 0,3385
2266,0000	 0,3415
2278,0000	 0,3425
2290,0000	 0,3385
2302,0000	 0,3445
2314,0000	 0,3365
2327,0000	 0,3355
2338,0000	 0,3345
2350,0000	 0,3375
2362,0000	 0,3325
2374,0000	 0,3405
2386,0000	 0,3569
2398,0000	 0,3415
2411,0000	 0,3456
2422,0000	 0,3415
2434,0000	 0,3445
2446,0000	 0,3395
2458,0000	 0,3415
2470,0000	 0,3415
2482,0000	 0,3415
2494,0000	 0,3325
2506,0000	 0,3325
2518,0000	 0,3355
2530,0000	 0,3385
2542,0000	 0,3415
2554,0000	 0,3445
2566,0000	 0,3355
2578,0000	 0,3435
2590,0000	 0,3425
2602,0000	 0,3435
2614,0000	 0,3365
2626,0000	 0,3415
2638,0000	 0,3345
2650,0000	 0,3385
2662,0000	 0,3375
2674,0000	 0,3395
2686,0000	 0,3395
2698,0000	 0,3385
2710,0000	 0,3405
2722,0000	 0,3466
2734,0000	 0,3405
2746,0000	 0,3425
2758,0000	 0,3425
2770,0000	 0,3425
2782,0000	 0,3355
2794,0000	 0,3385
2806,0000	 0,3395
2818,0000	 0,3395
2830,0000	 0,3425
2842,0000	 0,3305
2854,0000	 0,3305
2867,0000	 0,3425
2878,0000	 0,3405
2890,0000	 0,3395
2902,0000	 0,3456
2911,0000	 0,3315
2923,0000	 0,3425
2935,0000	 0,3266
2947,0000	 0,3385
2959,0000	 0,3375
2971,0000	 0,3365
2983,0000	 0,3345
2995,0000	 0,3375
3007,0000	 0,3355
