 0.0000	 0.0247
12.0000	 0.0247
21.0000	 0.0484
30.0000	 0.0583
42.0000	 0.0533
54.0000	 0.0761
63.0000	 0.0659
72.0000	 0.0814
81.0000	 0.0814
90.0000	 0.0920
102.0000	 0.1085
111.0000	 0.1286
120.0000	 0.1199
132.0000	 0.1466
144.0000	 0.1257
153.0000	 0.1257
162.0000	 0.1496
174.0000	 0.1685
186.0000	 0.1717
195.0000	 0.1685
204.0000	 0.1750
216.0000	 0.1883
228.0000	 0.1849
237.0000	 0.1985
246.0000	 0.2233
258.0000	 0.2197
270.0000	 0.2344
279.0000	 0.2161
288.0000	 0.2197
300.0000	 0.2654
312.0000	 0.2307
321.0000	 0.2161
330.0000	 0.2735
342.0000	 0.2735
354.0000	 0.2654
363.0000	 0.2535
372.0000	 0.2575
384.0000	 0.2903
396.0000	 0.2654
402.0000	 0.2777
411.0000	 0.2818
420.0000	 0.2735
432.0000	 0.2860
442.0000	 0.3257
453.0000	 0.3032
462.0000	 0.2860
474.0000	 0.3032
484.0000	 0.3121
492.0000	 0.3032
501.0000	 0.3304
510.0000	 0.3304
522.0000	 0.3351
531.0000	 0.3544
540.0000	 0.3446
552.0000	 0.3746
564.0000	 0.3351
570.0000	 0.3304
582.0000	 0.3304
594.0000	 0.3166
603.0000	 0.3746
612.0000	 0.3446
621.0000	 0.3446
630.0000	 0.3644
642.0000	 0.3544
652.0000	 0.3446
660.0000	 0.3351
669.0000	 0.4012
678.0000	 0.3593
687.0000	 0.4180
696.0000	 0.4012
708.0000	 0.3746
720.0000	 0.3446
729.0000	 0.3746
738.0000	 0.3798
747.0000	 0.3694
756.0000	 0.3958
768.0000	 0.4180
777.0000	 0.4012
786.0000	 0.3746
798.0000	 0.3746
810.0000	 0.3850
819.0000	 0.4296
828.0000	 0.4068
840.0000	 0.3746
852.0000	 0.4012
861.0000	 0.3958
870.0000	 0.3904
882.0000	 0.4124
894.0000	 0.4068
903.0000	 0.4124
912.0000	 0.4068
924.0000	 0.4124
936.0000	 0.4124
945.0000	 0.4238
954.0000	 0.4355
966.0000	 0.4415
978.0000	 0.4068
987.0000	 0.4238
996.0000	 0.4600
1008.0000	 0.4296
1020.0000	 0.4238
1029.0000	 0.4415
1038.0000	 0.4476
1050.0000	 0.4180
1062.0000	 0.4476
1071.0000	 0.4728
1080.0000	 0.4476
1092.0000	 0.4180
1104.0000	 0.4663
1110.0000	 0.4180
1119.0000	 0.4663
1128.0000	 0.4238
1140.0000	 0.4355
1150.0000	 0.4538
1161.0000	 0.4415
1170.0000	 0.4476
1182.0000	 0.4600
1192.0000	 0.4180
1200.0000	 0.4476
1209.0000	 0.4538
1218.0000	 0.4663
1227.0000	 0.4476
1236.0000	 0.4124
1245.0000	 0.4296
1254.0000	 0.4355
1266.0000	 0.4600
1276.0000	 0.4180
1284.0000	 0.4600
1293.0000	 0.4296
1302.0000	 0.5430
1314.0000	 0.4728
1323.0000	 0.4355
1332.0000	 0.4476
1344.0000	 0.3958
1356.0000	 0.4728
1362.0000	 0.5135
1371.0000	 0.4728
1380.0000	 0.4296
1392.0000	 0.4538
1402.0000	 0.4728
1413.0000	 0.4538
1422.0000	 0.4793
1434.0000	 0.4476
1444.0000	 0.4995
1455.0000	 0.4476
1464.0000	 0.4728
1476.0000	 0.4415
1485.0000	 0.4476
1494.0000	 0.4793
1506.0000	 0.4728
1518.0000	 0.4476
1527.0000	 0.5207
1536.0000	 0.4600
1548.0000	 0.4355
1560.0000	 0.4663
1569.0000	 0.4476
1578.0000	 0.4600
1590.0000	 0.4538
1602.0000	 0.4296
1611.0000	 0.4600
1620.0000	 0.4296
1632.0000	 0.4476
1644.0000	 0.4600
1653.0000	 0.4927
1662.0000	 0.4476
1674.0000	 0.4859
1686.0000	 0.4600
1695.0000	 0.4663
1704.0000	 0.4728
1716.0000	 0.5135
1728.0000	 0.4663
1737.0000	 0.4600
1746.0000	 0.4663
1758.0000	 0.4355
1770.0000	 0.4663
1779.0000	 0.4728
1788.0000	 0.4859
1800.0000	 0.4663
1812.0000	 0.4995
1821.0000	 0.4600
1830.0000	 0.4355
1842.0000	 0.4728
1854.0000	 0.4600
1863.0000	 0.4728
1872.0000	 0.4476
1884.0000	 0.4793
1896.0000	 0.4663
1902.0000	 0.4859
1914.0000	 0.4728
1926.0000	 0.4927
1938.0000	 0.4927
1947.0000	 0.4728
1956.0000	 0.4728
1968.0000	 0.4793
1980.0000	 0.4663
1986.0000	 0.4927
1995.0000	 0.5207
2004.0000	 0.4600
2016.0000	 0.4927
2026.0000	 0.4793
2037.0000	 0.4600
2046.0000	 0.4927
2058.0000	 0.4793
2068.0000	 0.4728
2076.0000	 0.5065
2085.0000	 0.4728
2094.0000	 0.4600
2106.0000	 0.4728
2115.0000	 0.4927
2124.0000	 0.5135
2136.0000	 0.4859
2148.0000	 0.4728
2154.0000	 0.4600
2163.0000	 0.5065
2172.0000	 0.4728
2184.0000	 0.5507
2194.0000	 0.4995
2205.0000	 0.4728
2214.0000	 0.5135
2226.0000	 0.4995
2235.0000	 0.4355
2244.0000	 0.4476
2256.0000	 0.4600
2268.0000	 0.5065
2277.0000	 0.4793
2286.0000	 0.4663
2298.0000	 0.5207
2310.0000	 0.4600
2319.0000	 0.4927
2328.0000	 0.5065
2340.0000	 0.4663
2352.0000	 0.5354
2361.0000	 0.4538
2370.0000	 0.4663
2382.0000	 0.4538
2394.0000	 0.4415
2403.0000	 0.4538
2412.0000	 0.4728
2424.0000	 0.5207
2436.0000	 0.4859
2445.0000	 0.4663
2454.0000	 0.4728
2466.0000	 0.4995
2478.0000	 0.4793
2487.0000	 0.4793
2496.0000	 0.4995
2508.0000	 0.4927
2520.0000	 0.4793
2529.0000	 0.4859
2538.0000	 0.4927
2550.0000	 0.4663
2562.0000	 0.5280
2571.0000	 0.4995
2580.0000	 0.4728
2592.0000	 0.4793
2604.0000	 0.5135
2610.0000	 0.5430
2622.0000	 0.4728
2634.0000	 0.4476
2646.0000	 0.4995
2655.0000	 0.4600
2664.0000	 0.5135
2676.0000	 0.5354
2688.0000	 0.4600
2694.0000	 0.4728
2703.0000	 0.4793
2712.0000	 0.4859
2724.0000	 0.4476
2734.0000	 0.4663
2745.0000	 0.4355
2754.0000	 0.4793
2766.0000	 0.4476
2776.0000	 0.5065
2784.0000	 0.5354
2793.0000	 0.4995
2802.0000	 0.4927
2814.0000	 0.4859
2823.0000	 0.4355
2832.0000	 0.4793
2844.0000	 0.4663
2856.0000	 0.4859
2862.0000	 0.4600
2871.0000	 0.4793
2880.0000	 0.4476
2892.0000	 0.5135
2902.0000	 0.5280
2913.0000	 0.4859
2922.0000	 0.4927
2934.0000	 0.5135
2944.0000	 0.4793
2955.0000	 0.4995
2964.0000	 0.4793
2976.0000	 0.4793
2985.0000	 0.4995
2994.0000	 0.4415
3006.0000	 0.4793
