 0,0000	 0,0507
10,0000	 0,0606
19,0000	 0,0801
28,0000	 0,0907
37,0000	 0,0993
46,0000	 0,1134
55,0000	 0,1268
64,0000	 0,1368
73,0000	 0,1437
83,0000	 0,1567
94,0000	 0,1661
103,0000	 0,1763
112,0000	 0,1833
122,0000	 0,1939
133,0000	 0,2019
142,0000	 0,2093
151,0000	 0,2145
160,0000	 0,2199
169,0000	 0,2338
178,0000	 0,2346
187,0000	 0,2394
196,0000	 0,2450
206,0000	 0,2590
217,0000	 0,2606
226,0000	 0,2640
235,0000	 0,2683
244,0000	 0,2901
253,0000	 0,2743
262,0000	 0,2821
271,0000	 0,2839
280,0000	 0,2883
290,0000	 0,2965
301,0000	 0,2955
310,0000	 0,2992
319,0000	 0,3057
328,0000	 0,3038
337,0000	 0,3113
346,0000	 0,3103
355,0000	 0,3103
364,0000	 0,3160
374,0000	 0,3237
385,0000	 0,3208
394,0000	 0,3295
403,0000	 0,3266
412,0000	 0,3345
421,0000	 0,3325
430,0000	 0,3395
439,0000	 0,3315
448,0000	 0,3345
458,0000	 0,3365
469,0000	 0,3425
478,0000	 0,3375
487,0000	 0,3445
497,0000	 0,3445
508,0000	 0,3507
517,0000	 0,3425
526,0000	 0,3486
535,0000	 0,3507
544,0000	 0,3466
553,0000	 0,3497
562,0000	 0,3517
571,0000	 0,3528
581,0000	 0,3569
592,0000	 0,3476
601,0000	 0,3569
610,0000	 0,3675
619,0000	 0,3569
628,0000	 0,3507
637,0000	 0,3548
646,0000	 0,3548
655,0000	 0,3486
665,0000	 0,3590
676,0000	 0,3654
685,0000	 0,3632
694,0000	 0,3675
703,0000	 0,3601
712,0000	 0,3611
721,0000	 0,3590
730,0000	 0,3643
739,0000	 0,3697
748,0000	 0,3632
757,0000	 0,3664
766,0000	 0,3580
775,0000	 0,3697
784,0000	 0,3590
793,0000	 0,3664
802,0000	 0,3664
811,0000	 0,3643
820,0000	 0,3740
829,0000	 0,3773
838,0000	 0,3580
847,0000	 0,3632
856,0000	 0,3675
865,0000	 0,3611
874,0000	 0,3718
883,0000	 0,3675
892,0000	 0,3675
901,0000	 0,3675
910,0000	 0,3697
919,0000	 0,3654
928,0000	 0,3740
937,0000	 0,3740
946,0000	 0,3622
956,0000	 0,3740
967,0000	 0,3839
976,0000	 0,3740
985,0000	 0,3686
994,0000	 0,3654
1003,0000	 0,3611
1012,0000	 0,3664
1021,0000	 0,3718
1030,0000	 0,3697
1040,0000	 0,3654
1051,0000	 0,3751
1060,0000	 0,3707
1069,0000	 0,3707
1078,0000	 0,3740
1087,0000	 0,3718
1096,0000	 0,3784
1105,0000	 0,3751
1114,0000	 0,3643
1124,0000	 0,3697
1135,0000	 0,3784
1144,0000	 0,3718
1153,0000	 0,3664
1162,0000	 0,3718
1171,0000	 0,3707
1180,0000	 0,3643
1189,0000	 0,3740
1198,0000	 0,3697
1208,0000	 0,3622
1219,0000	 0,3740
1228,0000	 0,3686
1237,0000	 0,3729
1247,0000	 0,3707
1258,0000	 0,3784
1267,0000	 0,3654
1276,0000	 0,3784
1285,0000	 0,3729
1294,0000	 0,3675
1303,0000	 0,3718
1312,0000	 0,3675
1321,0000	 0,3643
1331,0000	 0,3664
1342,0000	 0,3729
1351,0000	 0,3817
1360,0000	 0,3707
1369,0000	 0,3707
1378,0000	 0,3751
1387,0000	 0,3686
1396,0000	 0,3686
1405,0000	 0,3718
1415,0000	 0,3643
1426,0000	 0,3664
1435,0000	 0,3654
1444,0000	 0,3697
1453,0000	 0,3729
1462,0000	 0,3718
1471,0000	 0,3718
1480,0000	 0,3686
1489,0000	 0,3762
1499,0000	 0,3697
1510,0000	 0,3697
1519,0000	 0,3632
1528,0000	 0,3740
1537,0000	 0,3729
1546,0000	 0,3729
1555,0000	 0,3751
1564,0000	 0,3664
1573,0000	 0,3751
1583,0000	 0,3643
1594,0000	 0,3707
1603,0000	 0,3795
1612,0000	 0,3697
1622,0000	 0,3740
1633,0000	 0,3795
1642,0000	 0,3751
1651,0000	 0,3707
1660,0000	 0,3740
1669,0000	 0,3643
1678,0000	 0,3707
1687,0000	 0,3718
1696,0000	 0,3697
1706,0000	 0,3643
1717,0000	 0,3622
1726,0000	 0,3622
1735,0000	 0,3762
1744,0000	 0,3740
1753,0000	 0,3718
1762,0000	 0,3707
1771,0000	 0,3729
1780,0000	 0,3654
1790,0000	 0,3729
1801,0000	 0,3729
1810,0000	 0,3795
1819,0000	 0,3697
1828,0000	 0,3697
1837,0000	 0,3740
1846,0000	 0,3675
1855,0000	 0,3751
1864,0000	 0,3697
1874,0000	 0,3664
1885,0000	 0,3707
1894,0000	 0,3686
1903,0000	 0,3740
1912,0000	 0,3675
1921,0000	 0,3773
1930,0000	 0,3718
1939,0000	 0,3806
1948,0000	 0,3664
1958,0000	 0,3697
1969,0000	 0,3654
1978,0000	 0,3751
1987,0000	 0,3707
1997,0000	 0,3718
2008,0000	 0,3707
2017,0000	 0,3729
2026,0000	 0,3675
2035,0000	 0,3664
2044,0000	 0,3740
2053,0000	 0,3795
2062,0000	 0,3707
2071,0000	 0,3697
2081,0000	 0,3707
2092,0000	 0,3718
2101,0000	 0,3740
2110,0000	 0,3707
2119,0000	 0,3751
2128,0000	 0,3740
2137,0000	 0,3632
2146,0000	 0,3686
2155,0000	 0,3740
2165,0000	 0,3686
2176,0000	 0,3707
2185,0000	 0,3707
2194,0000	 0,3762
2203,0000	 0,3729
2212,0000	 0,3729
2221,0000	 0,3643
2230,0000	 0,3718
2239,0000	 0,3773
2248,0000	 0,3718
2257,0000	 0,3806
2266,0000	 0,3686
2275,0000	 0,3643
2284,0000	 0,3718
2293,0000	 0,3707
2302,0000	 0,3686
2311,0000	 0,3643
2320,0000	 0,3697
2329,0000	 0,3697
2338,0000	 0,3751
2347,0000	 0,3707
2356,0000	 0,3795
2365,0000	 0,3675
2374,0000	 0,3729
2383,0000	 0,3675
2392,0000	 0,3697
2401,0000	 0,3697
2410,0000	 0,3707
2419,0000	 0,3707
2428,0000	 0,3664
2437,0000	 0,3729
2446,0000	 0,3686
2456,0000	 0,3643
2467,0000	 0,3740
2476,0000	 0,3795
2485,0000	 0,3686
2494,0000	 0,3675
2503,0000	 0,3784
2515,0000	 0,3718
2524,0000	 0,3664
2533,0000	 0,3686
2542,0000	 0,3686
2551,0000	 0,3632
2560,0000	 0,3729
2569,0000	 0,3675
2578,0000	 0,3643
2587,0000	 0,3664
2596,0000	 0,3718
2605,0000	 0,3643
2614,0000	 0,3707
2624,0000	 0,3697
2635,0000	 0,3729
2644,0000	 0,3664
2653,0000	 0,3762
2662,0000	 0,3686
2671,0000	 0,3654
2680,0000	 0,3707
2689,0000	 0,3697
2698,0000	 0,3718
2708,0000	 0,3664
2719,0000	 0,3729
2728,0000	 0,3654
2737,0000	 0,3729
2747,0000	 0,3643
2758,0000	 0,3664
2767,0000	 0,3707
2776,0000	 0,3622
2785,0000	 0,3751
2794,0000	 0,3686
2803,0000	 0,3784
2812,0000	 0,3850
2821,0000	 0,3762
2831,0000	 0,3707
2842,0000	 0,3751
2851,0000	 0,3622
2860,0000	 0,3664
2869,0000	 0,3643
2878,0000	 0,3686
2887,0000	 0,3729
2896,0000	 0,3697
2905,0000	 0,3751
2915,0000	 0,3675
2926,0000	 0,3664
2935,0000	 0,3707
2944,0000	 0,3751
2953,0000	 0,3675
2962,0000	 0,3675
2971,0000	 0,3622
2980,0000	 0,3697
2989,0000	 0,3664
2999,0000	 0,3762
3010,0000	 0,3675
