 0,0000	 0,0241
 9,0000	 0,0365
21,0000	 0,0466
30,0000	 0,0533
39,0000	 0,0643
49,0000	 0,0746
60,0000	 0,0874
69,0000	 0,0947
78,0000	 0,0993
87,0000	 0,1116
96,0000	 0,1158
108,0000	 0,1256
117,0000	 0,1355
126,0000	 0,1393
135,0000	 0,1541
147,0000	 0,1647
156,0000	 0,1641
165,0000	 0,1654
175,0000	 0,1770
186,0000	 0,1833
195,0000	 0,1847
204,0000	 0,1918
213,0000	 0,1904
222,0000	 0,2041
234,0000	 0,2063
243,0000	 0,2108
252,0000	 0,2229
261,0000	 0,2222
273,0000	 0,2283
282,0000	 0,2276
291,0000	 0,2370
300,0000	 0,2394
312,0000	 0,2434
321,0000	 0,2474
330,0000	 0,2458
340,0000	 0,2598
351,0000	 0,2581
360,0000	 0,2565
369,0000	 0,2632
378,0000	 0,2632
387,0000	 0,2649
399,0000	 0,2674
408,0000	 0,2839
417,0000	 0,2751
426,0000	 0,2821
438,0000	 0,2830
447,0000	 0,2821
456,0000	 0,2848
466,0000	 0,2946
477,0000	 0,2946
486,0000	 0,2928
495,0000	 0,2965
504,0000	 0,3029
513,0000	 0,2965
525,0000	 0,3029
534,0000	 0,3047
543,0000	 0,3103
552,0000	 0,3057
564,0000	 0,3075
573,0000	 0,3075
582,0000	 0,3160
592,0000	 0,3160
603,0000	 0,3170
612,0000	 0,3151
621,0000	 0,3132
630,0000	 0,3160
639,0000	 0,3276
651,0000	 0,3160
660,0000	 0,3218
669,0000	 0,3198
678,0000	 0,3218
690,0000	 0,3237
699,0000	 0,3295
708,0000	 0,3405
717,0000	 0,3286
729,0000	 0,3325
738,0000	 0,3247
747,0000	 0,3276
757,0000	 0,3365
768,0000	 0,3365
777,0000	 0,3335
786,0000	 0,3276
795,0000	 0,3365
804,0000	 0,3375
816,0000	 0,3385
825,0000	 0,3325
834,0000	 0,3355
843,0000	 0,3486
855,0000	 0,3345
864,0000	 0,3375
873,0000	 0,3365
883,0000	 0,3405
894,0000	 0,3415
903,0000	 0,3345
912,0000	 0,3425
921,0000	 0,3415
930,0000	 0,3375
942,0000	 0,3405
951,0000	 0,3405
960,0000	 0,3415
969,0000	 0,3405
981,0000	 0,3435
990,0000	 0,3456
999,0000	 0,3435
1009,0000	 0,3445
1020,0000	 0,3355
1029,0000	 0,3375
1038,0000	 0,3415
1048,0000	 0,3456
1059,0000	 0,3415
1071,0000	 0,3476
1080,0000	 0,3395
1090,0000	 0,3476
1101,0000	 0,3528
1113,0000	 0,3456
1122,0000	 0,3456
1132,0000	 0,3517
1143,0000	 0,3486
1152,0000	 0,3476
1161,0000	 0,3466
1170,0000	 0,3507
1179,0000	 0,3445
1191,0000	 0,3405
1200,0000	 0,3456
1209,0000	 0,3507
1218,0000	 0,3497
1230,0000	 0,3435
1239,0000	 0,3538
1248,0000	 0,3538
1258,0000	 0,3486
1269,0000	 0,3466
1278,0000	 0,3497
1287,0000	 0,3517
1296,0000	 0,3425
1305,0000	 0,3528
1317,0000	 0,3425
1326,0000	 0,3466
1335,0000	 0,3435
1344,0000	 0,3466
1356,0000	 0,3435
1365,0000	 0,3425
1374,0000	 0,3435
1384,0000	 0,3435
1395,0000	 0,3517
1404,0000	 0,3497
1413,0000	 0,3559
1423,0000	 0,3456
1434,0000	 0,3538
1443,0000	 0,3528
1452,0000	 0,3445
1461,0000	 0,3580
1470,0000	 0,3559
1482,0000	 0,3466
1491,0000	 0,3538
1500,0000	 0,3476
1509,0000	 0,3315
1521,0000	 0,3456
1530,0000	 0,3528
1539,0000	 0,3507
1549,0000	 0,3507
1560,0000	 0,3528
1569,0000	 0,3445
1578,0000	 0,3497
1587,0000	 0,3497
1596,0000	 0,3445
1608,0000	 0,3517
1617,0000	 0,3538
1626,0000	 0,3517
1635,0000	 0,3486
1647,0000	 0,3486
1656,0000	 0,3445
1665,0000	 0,3538
1675,0000	 0,3385
1686,0000	 0,3517
1698,0000	 0,3476
1707,0000	 0,3528
1717,0000	 0,3528
1728,0000	 0,3580
1737,0000	 0,3559
1746,0000	 0,3507
1755,0000	 0,3559
1764,0000	 0,3497
1776,0000	 0,3476
1785,0000	 0,3415
1794,0000	 0,3517
1803,0000	 0,3528
1815,0000	 0,3590
1824,0000	 0,3486
1833,0000	 0,3528
1842,0000	 0,3517
1854,0000	 0,3497
1863,0000	 0,3476
1872,0000	 0,3456
1882,0000	 0,3517
1893,0000	 0,3559
1902,0000	 0,3445
1911,0000	 0,3466
1920,0000	 0,3476
1929,0000	 0,3375
1941,0000	 0,3415
1950,0000	 0,3548
1959,0000	 0,3435
1968,0000	 0,3486
1980,0000	 0,3476
1989,0000	 0,3528
1998,0000	 0,3507
2008,0000	 0,3466
2019,0000	 0,3580
2028,0000	 0,3538
2037,0000	 0,3476
2050,0000	 0,3497
2061,0000	 0,3456
2073,0000	 0,3497
2082,0000	 0,3497
2092,0000	 0,3497
2103,0000	 0,3456
2112,0000	 0,3517
2121,0000	 0,3507
2130,0000	 0,3466
2139,0000	 0,3538
2151,0000	 0,3445
2160,0000	 0,3538
2169,0000	 0,3497
2178,0000	 0,3559
2190,0000	 0,3466
2199,0000	 0,3445
2208,0000	 0,3456
2217,0000	 0,3517
2229,0000	 0,3486
2238,0000	 0,3559
2247,0000	 0,3497
2257,0000	 0,3456
2268,0000	 0,3497
2280,0000	 0,3425
2289,0000	 0,3476
2299,0000	 0,3415
2310,0000	 0,3466
2322,0000	 0,3528
2331,0000	 0,3456
2341,0000	 0,3445
2352,0000	 0,3528
2361,0000	 0,3466
2370,0000	 0,3497
2379,0000	 0,3425
2388,0000	 0,3507
2400,0000	 0,3538
2409,0000	 0,3445
2418,0000	 0,3548
2427,0000	 0,3538
2439,0000	 0,3517
2448,0000	 0,3507
2457,0000	 0,3507
2467,0000	 0,3445
2478,0000	 0,3569
2490,0000	 0,3517
2499,0000	 0,3517
2509,0000	 0,3497
2520,0000	 0,3538
2532,0000	 0,3466
2541,0000	 0,3476
2550,0000	 0,3375
2562,0000	 0,3405
2574,0000	 0,3517
2583,0000	 0,3507
2592,0000	 0,3528
2604,0000	 0,3456
2613,0000	 0,3445
2622,0000	 0,3486
2632,0000	 0,3445
2643,0000	 0,3435
2652,0000	 0,3497
2661,0000	 0,3507
2670,0000	 0,3476
2679,0000	 0,3476
2691,0000	 0,3456
2700,0000	 0,3517
2709,0000	 0,3476
2718,0000	 0,3425
2730,0000	 0,3517
2739,0000	 0,3476
2748,0000	 0,3528
2758,0000	 0,3456
2769,0000	 0,3476
2781,0000	 0,3497
2790,0000	 0,3476
2800,0000	 0,3476
2811,0000	 0,3507
2823,0000	 0,3559
2832,0000	 0,3486
2841,0000	 0,3497
2853,0000	 0,3476
2862,0000	 0,3486
2871,0000	 0,3466
2880,0000	 0,3507
2889,0000	 0,3486
2901,0000	 0,3507
2910,0000	 0,3590
2919,0000	 0,3405
2928,0000	 0,3476
2940,0000	 0,3476
2949,0000	 0,3528
2958,0000	 0,3445
2967,0000	 0,3456
2979,0000	 0,3507
2991,0000	 0,3425
3000,0000	 0,3435
3009,0000	 0,3466
