 0,0000	 0,0305
10,0000	 0,0440
22,0000	 0,0569
34,0000	 0,0735
46,0000	 0,0807
58,0000	 0,0999
70,0000	 0,1152
82,0000	 0,1225
94,0000	 0,1299
106,0000	 0,1386
118,0000	 0,1450
130,0000	 0,1607
142,0000	 0,1634
154,0000	 0,1722
166,0000	 0,1770
178,0000	 0,1854
190,0000	 0,1918
202,0000	 0,1947
214,0000	 0,2071
226,0000	 0,2153
238,0000	 0,2252
250,0000	 0,2291
262,0000	 0,2330
274,0000	 0,2410
286,0000	 0,2466
298,0000	 0,2450
307,0000	 0,2515
319,0000	 0,2606
331,0000	 0,2565
343,0000	 0,2632
355,0000	 0,2691
367,0000	 0,2717
379,0000	 0,2760
391,0000	 0,2830
403,0000	 0,2830
415,0000	 0,2874
427,0000	 0,2901
439,0000	 0,2937
451,0000	 0,2983
463,0000	 0,3001
475,0000	 0,2937
487,0000	 0,3066
499,0000	 0,3066
511,0000	 0,3057
523,0000	 0,3122
535,0000	 0,3113
547,0000	 0,3094
559,0000	 0,3132
571,0000	 0,3170
583,0000	 0,3189
595,0000	 0,3189
607,0000	 0,3189
619,0000	 0,3170
631,0000	 0,3227
643,0000	 0,3286
655,0000	 0,3315
667,0000	 0,3385
680,0000	 0,3286
691,0000	 0,3256
703,0000	 0,3315
715,0000	 0,3335
724,0000	 0,3237
736,0000	 0,3295
748,0000	 0,3345
760,0000	 0,3335
772,0000	 0,3365
784,0000	 0,3425
796,0000	 0,3325
808,0000	 0,3375
820,0000	 0,3395
832,0000	 0,3385
844,0000	 0,3375
856,0000	 0,3395
868,0000	 0,3385
880,0000	 0,3385
892,0000	 0,3355
904,0000	 0,3395
916,0000	 0,3466
928,0000	 0,3395
940,0000	 0,3476
952,0000	 0,3395
964,0000	 0,3456
976,0000	 0,3507
988,0000	 0,3445
1000,0000	 0,3445
1012,0000	 0,3476
1024,0000	 0,3476
1036,0000	 0,3497
1048,0000	 0,3486
1057,0000	 0,3601
1066,0000	 0,3497
1078,0000	 0,3425
1090,0000	 0,3445
1099,0000	 0,3507
1111,0000	 0,3497
1123,0000	 0,3476
1135,0000	 0,3476
1147,0000	 0,3548
1159,0000	 0,3590
1171,0000	 0,3507
1183,0000	 0,3456
1195,0000	 0,3528
1207,0000	 0,3445
1219,0000	 0,3507
1231,0000	 0,3445
1243,0000	 0,3476
1255,0000	 0,3497
1267,0000	 0,3497
1279,0000	 0,3375
1291,0000	 0,3507
1303,0000	 0,3476
1315,0000	 0,3466
1327,0000	 0,3456
1339,0000	 0,3507
1351,0000	 0,3507
1363,0000	 0,3466
1375,0000	 0,3476
1387,0000	 0,3580
1399,0000	 0,3517
1411,0000	 0,3486
1423,0000	 0,3590
1432,0000	 0,3466
1444,0000	 0,3580
1456,0000	 0,3548
1468,0000	 0,3528
1480,0000	 0,3548
1492,0000	 0,3507
1504,0000	 0,3497
1516,0000	 0,3559
1528,0000	 0,3559
1540,0000	 0,3456
1552,0000	 0,3507
1564,0000	 0,3548
1576,0000	 0,3507
1588,0000	 0,3486
1600,0000	 0,3569
1612,0000	 0,3497
1624,0000	 0,3466
1636,0000	 0,3538
1648,0000	 0,3507
1660,0000	 0,3507
1672,0000	 0,3559
1684,0000	 0,3497
1696,0000	 0,3569
1708,0000	 0,3611
1720,0000	 0,3538
1732,0000	 0,3497
1744,0000	 0,3569
1756,0000	 0,3497
1768,0000	 0,3507
1780,0000	 0,3528
1792,0000	 0,3538
1805,0000	 0,3517
1816,0000	 0,3486
1828,0000	 0,3486
1840,0000	 0,3569
1849,0000	 0,3517
1858,0000	 0,3559
1870,0000	 0,3497
1882,0000	 0,3528
1891,0000	 0,3580
1903,0000	 0,3559
1915,0000	 0,3548
1927,0000	 0,3548
1939,0000	 0,3654
1951,0000	 0,3497
1963,0000	 0,3486
1975,0000	 0,3476
1987,0000	 0,3517
1999,0000	 0,3611
2011,0000	 0,3486
2023,0000	 0,3497
2035,0000	 0,3528
2047,0000	 0,3466
2059,0000	 0,3528
2071,0000	 0,3456
2083,0000	 0,3507
2095,0000	 0,3507
2107,0000	 0,3486
2119,0000	 0,3517
2131,0000	 0,3507
2143,0000	 0,3507
2155,0000	 0,3580
2167,0000	 0,3466
2180,0000	 0,3507
2191,0000	 0,3548
2203,0000	 0,3528
2215,0000	 0,3590
2224,0000	 0,3528
2236,0000	 0,3548
2248,0000	 0,3548
2260,0000	 0,3507
2272,0000	 0,3538
2284,0000	 0,3507
2296,0000	 0,3507
2308,0000	 0,3486
2320,0000	 0,3538
2332,0000	 0,3486
2344,0000	 0,3476
2356,0000	 0,3497
2368,0000	 0,3528
2380,0000	 0,3507
2392,0000	 0,3486
2404,0000	 0,3548
2416,0000	 0,3559
2428,0000	 0,3476
2440,0000	 0,3580
2452,0000	 0,3476
2464,0000	 0,3569
2476,0000	 0,3528
2488,0000	 0,3476
2500,0000	 0,3486
2512,0000	 0,3548
2524,0000	 0,3486
2536,0000	 0,3517
2548,0000	 0,3497
2557,0000	 0,3528
2566,0000	 0,3517
2578,0000	 0,3476
2590,0000	 0,3497
2599,0000	 0,3456
2611,0000	 0,3385
2623,0000	 0,3486
2635,0000	 0,3538
2647,0000	 0,3517
2659,0000	 0,3528
2671,0000	 0,3476
2683,0000	 0,3517
2695,0000	 0,3548
2707,0000	 0,3538
2719,0000	 0,3517
2731,0000	 0,3425
2743,0000	 0,3538
2755,0000	 0,3456
2767,0000	 0,3497
2779,0000	 0,3528
2791,0000	 0,3538
2803,0000	 0,3507
2815,0000	 0,3517
2827,0000	 0,3538
2839,0000	 0,3486
2851,0000	 0,3486
2863,0000	 0,3435
2875,0000	 0,3466
2887,0000	 0,3497
2899,0000	 0,3445
2911,0000	 0,3476
2923,0000	 0,3507
2932,0000	 0,3590
2944,0000	 0,3435
2956,0000	 0,3538
2968,0000	 0,3466
2980,0000	 0,3517
2992,0000	 0,3476
3004,0000	 0,3445
