 0,0000	 0,0405
11,0000	 0,0590
22,0000	 0,0757
31,0000	 0,0795
40,0000	 0,0913
49,0000	 0,1093
58,0000	 0,1188
67,0000	 0,1324
76,0000	 0,1368
85,0000	 0,1470
95,0000	 0,1574
106,0000	 0,1674
115,0000	 0,1770
124,0000	 0,1847
134,0000	 0,1889
145,0000	 0,1954
154,0000	 0,1983
163,0000	 0,2078
172,0000	 0,2183
181,0000	 0,2252
190,0000	 0,2307
199,0000	 0,2315
208,0000	 0,2291
218,0000	 0,2442
229,0000	 0,2458
238,0000	 0,2466
247,0000	 0,2565
256,0000	 0,2606
265,0000	 0,2598
274,0000	 0,2691
283,0000	 0,2666
292,0000	 0,2708
302,0000	 0,2700
313,0000	 0,2830
322,0000	 0,2795
331,0000	 0,2804
340,0000	 0,2866
349,0000	 0,2866
358,0000	 0,2857
367,0000	 0,2946
376,0000	 0,2892
386,0000	 0,2901
395,0000	 0,2937
406,0000	 0,2937
415,0000	 0,2992
424,0000	 0,3020
433,0000	 0,3010
442,0000	 0,3085
451,0000	 0,3103
460,0000	 0,3029
470,0000	 0,3075
481,0000	 0,3038
490,0000	 0,3132
499,0000	 0,3132
509,0000	 0,3132
520,0000	 0,3113
529,0000	 0,3170
538,0000	 0,3141
547,0000	 0,3132
556,0000	 0,3132
565,0000	 0,3247
574,0000	 0,3189
583,0000	 0,3198
593,0000	 0,3266
604,0000	 0,3198
613,0000	 0,3189
622,0000	 0,3160
631,0000	 0,3208
640,0000	 0,3179
649,0000	 0,3276
658,0000	 0,3198
667,0000	 0,3208
677,0000	 0,3198
688,0000	 0,3256
697,0000	 0,3315
706,0000	 0,3256
715,0000	 0,3227
724,0000	 0,3218
733,0000	 0,3266
742,0000	 0,3179
751,0000	 0,3325
761,0000	 0,3305
772,0000	 0,3286
781,0000	 0,3237
790,0000	 0,3335
799,0000	 0,3266
808,0000	 0,3276
817,0000	 0,3325
826,0000	 0,3305
835,0000	 0,3276
845,0000	 0,3141
856,0000	 0,3345
865,0000	 0,3247
874,0000	 0,3247
884,0000	 0,3315
895,0000	 0,3355
904,0000	 0,3345
913,0000	 0,3335
922,0000	 0,3335
931,0000	 0,3305
940,0000	 0,3286
949,0000	 0,3345
958,0000	 0,3315
968,0000	 0,3295
979,0000	 0,3305
988,0000	 0,3315
997,0000	 0,3295
1006,0000	 0,3325
1015,0000	 0,3315
1024,0000	 0,3375
1033,0000	 0,3276
1042,0000	 0,3218
1052,0000	 0,3315
1063,0000	 0,3335
1072,0000	 0,3345
1081,0000	 0,3237
1090,0000	 0,3266
1099,0000	 0,3345
1108,0000	 0,3305
1117,0000	 0,3305
1126,0000	 0,3305
1135,0000	 0,3345
1144,0000	 0,3295
1153,0000	 0,3335
1162,0000	 0,3295
1171,0000	 0,3256
1180,0000	 0,3286
1189,0000	 0,3315
1198,0000	 0,3286
1207,0000	 0,3355
1216,0000	 0,3305
1225,0000	 0,3276
1234,0000	 0,3325
1243,0000	 0,3315
1252,0000	 0,3335
1261,0000	 0,3395
1270,0000	 0,3305
1279,0000	 0,3365
1288,0000	 0,3266
1297,0000	 0,3295
1306,0000	 0,3405
1315,0000	 0,3256
1324,0000	 0,3325
1333,0000	 0,3315
1343,0000	 0,3266
1354,0000	 0,3286
1363,0000	 0,3345
1372,0000	 0,3355
1381,0000	 0,3315
1390,0000	 0,3345
1399,0000	 0,3325
1408,0000	 0,3305
1417,0000	 0,3355
1427,0000	 0,3365
1438,0000	 0,3286
1447,0000	 0,3295
1456,0000	 0,3305
1465,0000	 0,3286
1474,0000	 0,3335
1483,0000	 0,3385
1492,0000	 0,3315
1501,0000	 0,3295
1511,0000	 0,3385
1522,0000	 0,3335
1531,0000	 0,3276
1540,0000	 0,3335
1549,0000	 0,3286
1558,0000	 0,3305
1567,0000	 0,3305
1576,0000	 0,3256
1585,0000	 0,3325
1595,0000	 0,3295
1606,0000	 0,3315
1615,0000	 0,3365
1624,0000	 0,3286
1634,0000	 0,3266
1645,0000	 0,3286
1654,0000	 0,3385
1663,0000	 0,3335
1672,0000	 0,3315
1681,0000	 0,3295
1690,0000	 0,3335
1699,0000	 0,3295
1708,0000	 0,3325
1718,0000	 0,3276
1729,0000	 0,3266
1738,0000	 0,3385
1747,0000	 0,3335
1756,0000	 0,3325
1765,0000	 0,3325
1774,0000	 0,3375
1783,0000	 0,3295
1792,0000	 0,3365
1802,0000	 0,3345
1813,0000	 0,3325
1822,0000	 0,3345
1831,0000	 0,3345
1840,0000	 0,3295
1849,0000	 0,3315
1858,0000	 0,3305
1867,0000	 0,3286
1876,0000	 0,3305
1886,0000	 0,3276
1897,0000	 0,3266
1906,0000	 0,3305
1915,0000	 0,3325
1924,0000	 0,3355
1933,0000	 0,3276
1942,0000	 0,3305
1951,0000	 0,3335
1960,0000	 0,3286
1970,0000	 0,3325
1981,0000	 0,3276
1990,0000	 0,3345
1999,0000	 0,3335
2009,0000	 0,3305
2020,0000	 0,3276
2029,0000	 0,3538
2038,0000	 0,3385
2047,0000	 0,3276
2056,0000	 0,3276
2065,0000	 0,3325
2074,0000	 0,3295
2083,0000	 0,3315
2093,0000	 0,3335
2104,0000	 0,3227
2113,0000	 0,3335
2122,0000	 0,3286
2131,0000	 0,3276
2140,0000	 0,3295
2149,0000	 0,3425
2158,0000	 0,3375
2167,0000	 0,3365
2177,0000	 0,3286
2188,0000	 0,3335
2197,0000	 0,3345
2206,0000	 0,3256
2215,0000	 0,3266
2224,0000	 0,3355
2233,0000	 0,3286
2242,0000	 0,3266
2251,0000	 0,3305
2261,0000	 0,3256
2272,0000	 0,3295
2281,0000	 0,3355
2290,0000	 0,3345
2299,0000	 0,3276
2308,0000	 0,3355
2317,0000	 0,3295
2326,0000	 0,3315
2335,0000	 0,3345
2345,0000	 0,3266
2356,0000	 0,3305
2365,0000	 0,3256
2374,0000	 0,3305
2384,0000	 0,3286
2395,0000	 0,3286
2404,0000	 0,3295
2413,0000	 0,3395
2422,0000	 0,3266
2431,0000	 0,3335
2440,0000	 0,3355
2449,0000	 0,3325
2458,0000	 0,3305
2468,0000	 0,3315
2479,0000	 0,3276
2488,0000	 0,3247
2497,0000	 0,3345
2506,0000	 0,3345
2515,0000	 0,3286
2524,0000	 0,3266
2533,0000	 0,3286
2542,0000	 0,3237
2552,0000	 0,3227
2563,0000	 0,3286
2572,0000	 0,3345
2581,0000	 0,3256
2590,0000	 0,3385
2599,0000	 0,3375
2608,0000	 0,3237
2617,0000	 0,3335
2626,0000	 0,3345
2635,0000	 0,3355
2644,0000	 0,3266
2653,0000	 0,3345
2662,0000	 0,3305
2671,0000	 0,3385
2680,0000	 0,3286
2689,0000	 0,3295
2698,0000	 0,3315
2707,0000	 0,3266
2716,0000	 0,3325
2725,0000	 0,3315
2734,0000	 0,3315
2743,0000	 0,3286
2752,0000	 0,3335
2761,0000	 0,3227
2770,0000	 0,3315
2779,0000	 0,3276
2788,0000	 0,3345
2797,0000	 0,3335
2806,0000	 0,3295
2815,0000	 0,3305
2824,0000	 0,3375
2833,0000	 0,3395
2843,0000	 0,3286
2854,0000	 0,3325
2863,0000	 0,3305
2872,0000	 0,3335
2881,0000	 0,3305
2890,0000	 0,3266
2899,0000	 0,3286
2908,0000	 0,3305
2917,0000	 0,3365
2927,0000	 0,3276
2938,0000	 0,3315
2947,0000	 0,3305
2956,0000	 0,3295
2965,0000	 0,3335
2974,0000	 0,3266
2983,0000	 0,3276
2992,0000	 0,3266
3001,0000	 0,3345
