0.000000000000000000e+00 2.060508748097057696e-02
6.012024048096193188e-03 3.280716822417685530e-02
1.202404809619238464e-02 4.487169100017070894e-02
1.803607214428857436e-02 5.680021155783299830e-02
2.404809619238476581e-02 6.859426855729248984e-02
3.006012024048095727e-02 8.025538319473327076e-02
3.607214428857715566e-02 9.178505915916333746e-02
4.208416833667334711e-02 1.031847830964142815e-01
4.809619238476953856e-02 1.144560248634192701e-01
5.410821643286572308e-02 1.256002371327993306e-01
6.012024048096192147e-02 1.366188566682205452e-01
6.613226452905811292e-02 1.475133034165585777e-01
7.214428857715431131e-02 1.582849810854097261e-01
7.815631262525049583e-02 1.689352778636293573e-01
8.416833667334669422e-02 1.794655659179669460e-01
9.018036072144287874e-02 1.898772018130522876e-01
9.619238476953907713e-02 2.001715266630932077e-01
1.022044088176352755e-01 2.103498663305506666e-01
1.082164328657314600e-01 2.204135316247485543e-01
1.142284569138276584e-01 2.303638184662722133e-01
1.202404809619238429e-01 2.402020079708885314e-01
1.262525050100200275e-01 2.499293667139839137e-01
1.322645290581162258e-01 2.595471469025305011e-01
1.382765531062124242e-01 2.690565865386835287e-01
1.442885771543086226e-01 2.784589095956508387e-01
1.503006012024048210e-01 2.877553261115561867e-01
1.563126252505009917e-01 2.969470321951652725e-01
1.623246492985971901e-01 3.060352105039183535e-01
1.683366733466933884e-01 3.150210303007920931e-01
1.743486973947895868e-01 3.239056476116580763e-01
1.803607214428857575e-01 3.326902053922451974e-01
1.863727454909819559e-01 3.413758334545438089e-01
1.923847695390781543e-01 3.499636486705435812e-01
1.983967935871743526e-01 3.584547554101629174e-01
2.044088176352705510e-01 3.668502455472869017e-01
2.104208416833667217e-01 3.751511986174441704e-01
2.164328657314629201e-01 3.833586819554328229e-01
2.224448897795591185e-01 3.914737504664087542e-01
2.284569138276553169e-01 3.994974471619537892e-01
2.344689378757514875e-01 4.074308033481019997e-01
2.404809619238476581e-01 4.152748386762968869e-01
2.464929859719438565e-01 4.230305612914380675e-01
2.525050100200400549e-01 4.306989678967446666e-01
2.585170340681362533e-01 4.382810435535947069e-01
2.645290581162324517e-01 4.457777623552631741e-01
2.705410821643286501e-01 4.531900874203744767e-01
2.765531062124248485e-01 4.605189709941095444e-01
2.825651302605210469e-01 4.677653545866424234e-01
2.885771543086172453e-01 4.749301689276839711e-01
2.945891783567134437e-01 4.820143339750583844e-01
3.006012024048096420e-01 4.890187594777858360e-01
3.066132264529057849e-01 4.959443449141632265e-01
3.126252505010019833e-01 5.027919796170779998e-01
3.186372745490981817e-01 5.095625428994734474e-01
3.246492985971943801e-01 5.162569038819695422e-01
3.306613226452905785e-01 5.228759218188793190e-01
3.366733466933867769e-01 5.294204463750161738e-01
3.426853707414829753e-01 5.358913176273445433e-01
3.486973947895791737e-01 5.422893661860644920e-01
3.547094188376753721e-01 5.486154132797189664e-01
3.607214428857715149e-01 5.548702705610766284e-01
3.667334669338677133e-01 5.610547406128348902e-01
3.727454909819639117e-01 5.671696170104070234e-01
3.787575150300601101e-01 5.732156843818947412e-01
3.847695390781563085e-01 5.791937185213573702e-01
3.907815631262525069e-01 5.851044864029802950e-01
3.967935871743487053e-01 5.909487460878805054e-01
4.028056112224449037e-01 5.967272472335605205e-01
4.088176352705411021e-01 6.024407310551274097e-01
4.148296593186372450e-01 6.080899304176541342e-01
4.208416833667334433e-01 6.136755699421510002e-01
4.268537074148296417e-01 6.191983659192932254e-01
4.328657314629258401e-01 6.246590264360624145e-01
4.388777555110220385e-01 6.300582517173276553e-01
4.448897795591182369e-01 6.353967340957764609e-01
4.509018036072144353e-01 6.406751581110612381e-01
4.569138276553106337e-01 6.458942005969680045e-01
4.629258517034068321e-01 6.510545305263716331e-01
4.689378757515029750e-01 6.561568093525129708e-01
4.749498997995991734e-01 6.612016911360107940e-01
4.809619238476953718e-01 6.661898225711547772e-01
4.869739478957915702e-01 6.711218430786954903e-01
4.929859719438877130e-01 6.759983848497411740e-01
4.989979959919839114e-01 6.808200727195966584e-01
5.050100200400801098e-01 6.855875245843778831e-01
5.110220440881763082e-01 6.903013514020275299e-01
5.170340681362725066e-01 6.949621572546754722e-01
5.230460921843687050e-01 6.995705394354799767e-01
5.290581162324649034e-01 7.041270884255210749e-01
5.350701402805611018e-01 7.086323878917717423e-01
5.410821643286573002e-01 7.130870150422368159e-01
5.470941883767534986e-01 7.174915405884959574e-01
5.531062124248496970e-01 7.218465288239059863e-01
5.591182364729458953e-01 7.261525377028738015e-01
5.651302605210420937e-01 7.304101187379294924e-01
5.711422845691382921e-01 7.346198171940208077e-01
5.771543086172344905e-01 7.387821722688461268e-01
5.831663326653306889e-01 7.428977170927052454e-01
5.891783567134268873e-01 7.469669788045892878e-01
5.951903807615230857e-01 7.509904786074057537e-01
6.012024048096192841e-01 7.549687316475339749e-01
6.072144288577153715e-01 7.589022473259434687e-01
6.132264529058115698e-01 7.627915293427707244e-01
6.192384769539077682e-01 7.666370757339373565e-01
6.252505010020039666e-01 7.704393789423822358e-01
6.312625250501001650e-01 7.741989258301793519e-01
6.372745490981963634e-01 7.779161976167289216e-01
6.432865731462925618e-01 7.815916701978302683e-01
6.492985971943887602e-01 7.852258141238613876e-01
6.553106212424849586e-01 7.888190946572096740e-01
6.613226452905811570e-01 7.923719718389624633e-01
6.673346693386773554e-01 7.958849004394555893e-01
6.733466933867735538e-01 7.993583300292703697e-01
6.793587174348697522e-01 8.027927051995161767e-01
6.853707414829659506e-01 8.061884655420048507e-01
6.913827655310621489e-01 8.095460457116506747e-01
6.973947895791583473e-01 8.128658754821855847e-01
7.034068136272545457e-01 8.161483796510135003e-01
7.094188376753507441e-01 8.193939782475198053e-01
7.154308617234468315e-01 8.226030866178545287e-01
7.214428857715430299e-01 8.257761154404574810e-01
7.274549098196392283e-01 8.289134707845331462e-01
7.334669338677354267e-01 8.320155541395557464e-01
7.394789579158316251e-01 8.350827623349894591e-01
7.454909819639278235e-01 8.381154877998723274e-01
7.515030060120240218e-01 8.411141185665204079e-01
7.575150300601202202e-01 8.440790383090699400e-01
7.635270541082164186e-01 8.470106263982354333e-01
7.695390781563126170e-01 8.499092578897350370e-01
7.755511022044088154e-01 8.527753035183708308e-01
7.815631262525050138e-01 8.556091299236409098e-01
7.875751503006012122e-01 8.584110996267702021e-01
7.935871743486974106e-01 8.611815710797200429e-01
7.995991983967936090e-01 8.639208987156750119e-01
8.056112224448898074e-01 8.666294329070450830e-01
8.116232464929860058e-01 8.693075200576516615e-01
8.176352705410822042e-01 8.719555027052591223e-01
8.236472945891784025e-01 8.745737195274104758e-01
8.296593186372744899e-01 8.771625053847640352e-01
8.356713426853706883e-01 8.797221913638657576e-01
8.416833667334668867e-01 8.822531048193544834e-01
8.476953907815630851e-01 8.847555694156026274e-01
8.537074148296592835e-01 8.872299051696892480e-01
8.597194388777554819e-01 8.896764285114802107e-01
8.657314629258516803e-01 8.920954522991707547e-01
8.717434869739478787e-01 8.944872858622004985e-01
8.777555110220440771e-01 8.968522350447135638e-01
8.837675350701402754e-01 8.991906022445272928e-01
8.897795591182364738e-01 9.015026864515769400e-01
8.957915831663326722e-01 9.037887832858386705e-01
9.018036072144288706e-01 9.060491850347307530e-01
9.078156312625250690e-01 9.082841806979311539e-01
9.138276553106212674e-01 9.104940560428482765e-01
9.198396793587174658e-01 9.126790936018253086e-01
9.258517034068136642e-01 9.148395727225027141e-01
9.318637274549098626e-01 9.169757696050622187e-01
9.378757515030059499e-01 9.190879573372133793e-01
9.438877755511021483e-01 9.211764059286979833e-01
9.498997995991983467e-01 9.232413823453087254e-01
9.559118236472945451e-01 9.252831505424238268e-01
9.619238476953907435e-01 9.273019715233680182e-01
9.679358717434869419e-01 9.292981033717249151e-01
9.739478957915831403e-01 9.312718012416698610e-01
9.799599198396793387e-01 9.332233174137036791e-01
9.859719438877755371e-01 9.351529013267828594e-01
9.919839679358717355e-01 9.370607996099059589e-01
9.979959919839678228e-01 9.389472561132636841e-01
1.004008016032064132e+00 9.408125119389521007e-01
1.010020040080160220e+00 9.426568054721002898e-01
1.016032064128256529e+00 9.444803724398501688e-01
1.022044088176352616e+00 9.462834459117647201e-01
1.028056112224448926e+00 9.480662563224250272e-01
1.034068136272545013e+00 9.498290315110269333e-01
1.040080160320641323e+00 9.515719967501321541e-01
1.046092184368737410e+00 9.532953747740122719e-01
1.052104208416833719e+00 9.549993858065920493e-01
1.058116232464929807e+00 9.566842475889852926e-01
1.064128256513026116e+00 9.583501754134171602e-01
1.070140280561122204e+00 9.599973821907330507e-01
1.076152304609218513e+00 9.616260784138876971e-01
1.082164328657314600e+00 9.632364721999447932e-01
1.088176352705410910e+00 9.648287693231633044e-01
1.094188376753506997e+00 9.664031732410613973e-01
1.100200400801603084e+00 9.679598851201233201e-01
1.106212424849699394e+00 9.694991038611481260e-01
1.112224448897795481e+00 9.710210261242402385e-01
1.118236472945891791e+00 9.725258463620964910e-01
1.124248496993987878e+00 9.740137568553292047e-01
1.130260521042084187e+00 9.754849477061912078e-01
1.136272545090180275e+00 9.769396068756990292e-01
1.142284569138276584e+00 9.783779202080606918e-01
1.148296593186372672e+00 9.798000714540006095e-01
1.154308617234468981e+00 9.812062422937500861e-01
1.160320641282565068e+00 9.825966123597031920e-01
1.166332665330661378e+00 9.839713592587641111e-01
1.172344689378757465e+00 9.853306586280470292e-01
1.178356713426853775e+00 9.866746841403145618e-01
1.184368737474949862e+00 9.880036074930611534e-01
1.190380761523046171e+00 9.893175984522113442e-01
1.196392785571142259e+00 9.906168248737050597e-01
1.202404809619238568e+00 9.919014527247947965e-01
1.208416833667334656e+00 9.931716461050557054e-01
1.214428857715430743e+00 9.944275672671059052e-01
1.220440881763527052e+00 9.956693766374719035e-01
1.226452905811623140e+00 9.968972328437941677e-01
1.232464929859719449e+00 9.981112927262945078e-01
1.238476953907815536e+00 9.993117113575322730e-01
1.244488977955911846e+00 1.000498642063750498e+00
1.250501002004007933e+00 1.001672236444026254e+00
1.256513026052104243e+00 1.002832644389140659e+00
1.262525050100200330e+00 1.003980014100169349e+00
1.268537074148296639e+00 1.005114492106793156e+00
1.274549098196392727e+00 1.006236223296500976e+00
1.280561122244489036e+00 1.007345350973548603e+00
1.286573146292585124e+00 1.008442016803007713e+00
1.292585170340681433e+00 1.009526360852455618e+00
1.298597194388777520e+00 1.010598521615003298e+00
1.304609218436873830e+00 1.011658636027010116e+00
1.310621242484969917e+00 1.012706839485567167e+00
1.316633266533066227e+00 1.013743265865756804e+00
1.322645290581162314e+00 1.014768047537680351e+00
1.328657314629258401e+00 1.015781315377019434e+00
1.334669338677354711e+00 1.016783198778494990e+00
1.340681362725450798e+00 1.017773825687236844e+00
1.346693386773547108e+00 1.018753322607230283e+00
1.352705410821643195e+00 1.019721814616787903e+00
1.358717434869739504e+00 1.020679425383948180e+00
1.364729458917835592e+00 1.021626277181628906e+00
1.370741482965931901e+00 1.022562490902543697e+00
1.376753507014027988e+00 1.023488186074495099e+00
1.382765531062124298e+00 1.024403480929868993e+00
1.388777555110220385e+00 1.025308492376142855e+00
1.394789579158316695e+00 1.026203335982484033e+00
1.400801603206412782e+00 1.027088126020307746e+00
1.406813627254509091e+00 1.027962975478085017e+00
1.412825651302605179e+00 1.028827996075975859e+00
1.418837675350701488e+00 1.029683298280289705e+00
1.424849699398797576e+00 1.030528991317771315e+00
1.430861723446893663e+00 1.031365183186714773e+00
1.436873747494989972e+00 1.032191980642956253e+00
1.442885771543086060e+00 1.033009489251945467e+00
1.448897795591182369e+00 1.033817813395919494e+00
1.454909819639278457e+00 1.034617056280947356e+00
1.460921843687374766e+00 1.035407319949554150e+00
1.466933867735470853e+00 1.036188705293138446e+00
1.472945891783567163e+00 1.036961312064187846e+00
1.478957915831663250e+00 1.037725238888288937e+00
1.484969939879759560e+00 1.038480583294055570e+00
1.490981963927855647e+00 1.039227441764497328e+00
1.496993987975951956e+00 1.039965909663137955e+00
1.503006012024048044e+00 1.040696081279128604e+00
1.509018036072144353e+00 1.041418049843103377e+00
1.515030060120240440e+00 1.042131907539242563e+00
1.521042084168336750e+00 1.042837745517196213e+00
1.527054108216432837e+00 1.043535653903863158e+00
1.533066132264529147e+00 1.044225721815028596e+00
1.539078156312625234e+00 1.044908037348116103e+00
1.545090180360721321e+00 1.045582687595141502e+00
1.551102204408817631e+00 1.046249758683034603e+00
1.557114228456913718e+00 1.046909335767527427e+00
1.563126252505010028e+00 1.047561503043410003e+00
1.569138276553106115e+00 1.048206343754664482e+00
1.575150300601202424e+00 1.048843940204428504e+00
1.581162324649298512e+00 1.049474373764779367e+00
1.587174348697394821e+00 1.050097724888597650e+00
1.593186372745490909e+00 1.050714073187959174e+00
1.599198396793587218e+00 1.051323497372978810e+00
1.605210420841683305e+00 1.051926075248239334e+00
1.611222444889779615e+00 1.052521883747007392e+00
1.617234468937875702e+00 1.053110998941528598e+00
1.623246492985972012e+00 1.053693496053226930e+00
1.629258517034068099e+00 1.054269449462808428e+00
1.635270541082164408e+00 1.054838932720265854e+00
1.641282565130260496e+00 1.055402018545281484e+00
1.647294589178356805e+00 1.055958778783385732e+00
1.653306613226452892e+00 1.056509284499805634e+00
1.659318637274548980e+00 1.057053605966619347e+00
1.665330661322645289e+00 1.057591812662610931e+00
1.671342685370741377e+00 1.058123973281427377e+00
1.677354709418837686e+00 1.058650155739580434e+00
1.683366733466933773e+00 1.059170427184287222e+00
1.689378757515030083e+00 1.059684854001153864e+00
1.695390781563126170e+00 1.060193501849560072e+00
1.701402805611222480e+00 1.060696435702435769e+00
1.707414829659318567e+00 1.061193719760563203e+00
1.713426853707414876e+00 1.061685417502062023e+00
1.719438877755510964e+00 1.062171591692861572e+00
1.725450901803607273e+00 1.062652304394928304e+00
1.731462925851703361e+00 1.063127616974404610e+00
1.737474949899799670e+00 1.063597590109661484e+00
1.743486973947895757e+00 1.064062283799244835e+00
1.749498997995992067e+00 1.064521757354261133e+00
1.755511022044088154e+00 1.064976069414359294e+00
1.761523046092184241e+00 1.065425277969146878e+00
1.767535070140280551e+00 1.065869440355827091e+00
1.773547094188376638e+00 1.066308613266310656e+00
1.779559118236472948e+00 1.066742852754224202e+00
1.785571142284569035e+00 1.067172214241806749e+00
1.791583166332665344e+00 1.067596752526700721e+00
1.797595190380761432e+00 1.068016521789984852e+00
1.803607214428857741e+00 1.068431575623269181e+00
1.809619238476953829e+00 1.068841967010291771e+00
1.815631262525050138e+00 1.069247748334389403e+00
1.821643286573146225e+00 1.069648971390551040e+00
1.827655310621242535e+00 1.070045687392011668e+00
1.833667334669338622e+00 1.070437946976761756e+00
1.839679358717434932e+00 1.070825800213969892e+00
1.845691382765531019e+00 1.071209296610321715e+00
1.851703406813627328e+00 1.071588485114929767e+00
1.857715430861723416e+00 1.071963414120852498e+00
1.863727454909819725e+00 1.072334131479630193e+00
1.869739478957915813e+00 1.072700684504387825e+00
1.875751503006011900e+00 1.073063119975073532e+00
1.881763527054108209e+00 1.073421484144160054e+00
1.887775551102204297e+00 1.073775822742254027e+00
1.893787575150300606e+00 1.074126180983615342e+00
1.899799599198396693e+00 1.074472603571583251e+00
1.905811623246493003e+00 1.074815134719104615e+00
1.911823647294589090e+00 1.075153818160283548e+00
1.917835671342685400e+00 1.075488697120810411e+00
1.923847695390781487e+00 1.075819814341068437e+00
1.929859719438877796e+00 1.076147212082035676e+00
1.935871743486973884e+00 1.076470932130800140e+00
1.941883767535070193e+00 1.076791015806016105e+00
1.947895791583166281e+00 1.077107503963300239e+00
1.953907815631262590e+00 1.077420437000564668e+00
1.959919839679358677e+00 1.077729854863290981e+00
1.965931863727454987e+00 1.078035797049743838e+00
1.971943887775551074e+00 1.078338302616122180e+00
1.977955911823647384e+00 1.078637410181650491e+00
1.983967935871743471e+00 1.078933157923488650e+00
1.989979959919839558e+00 1.079225583567620994e+00
1.995991983967935868e+00 1.079514724434918804e+00
2.002004008016032177e+00 1.079800617427466802e+00
2.008016032064128265e+00 1.080083299031728616e+00
2.014028056112224352e+00 1.080362805322974351e+00
2.020040080160320439e+00 1.080639171969635548e+00
2.026052104208416971e+00 1.080912434237584874e+00
2.032064128256513058e+00 1.081182626994343865e+00
2.038076152304609145e+00 1.081449784713217621e+00
2.044088176352705233e+00 1.081713941477356666e+00
2.050100200400801764e+00 1.081975130983744204e+00
2.056112224448897852e+00 1.082233386547112097e+00
2.062124248496993939e+00 1.082488741118146747e+00
2.068136272545090026e+00 1.082741227334131029e+00
2.074148296593186558e+00 1.082990877424288678e+00
2.080160320641282645e+00 1.083237723249006468e+00
2.086172344689378733e+00 1.083481796310599155e+00
2.092184368737474820e+00 1.083723127757270532e+00
2.098196392785570907e+00 1.083961748387020529e+00
2.104208416833667439e+00 1.084197688651498570e+00
2.110220440881763526e+00 1.084430978659797873e+00
2.116232464929859614e+00 1.084661648182200677e+00
2.122244488977955701e+00 1.084889726653862185e+00
2.128256513026052232e+00 1.085115243178445876e+00
2.134268537074148320e+00 1.085338226531697980e+00
2.140280561122244407e+00 1.085558705167408489e+00
2.146292585170340494e+00 1.085776707237843475e+00
2.152304609218437026e+00 1.085992260568538814e+00
2.158316633266533113e+00 1.086205392668700975e+00
2.164328657314629201e+00 1.086416130738234065e+00
2.170340681362725288e+00 1.086624501671112686e+00
2.176352705410821819e+00 1.086830532058704835e+00
2.182364729458917907e+00 1.087034248193043284e+00
2.188376753507013994e+00 1.087235676070047674e+00
2.194388777555110082e+00 1.087434841392694862e+00
2.200400801603206169e+00 1.087631769574140650e+00
2.206412825651302700e+00 1.087826485740787996e+00
2.212424849699398788e+00 1.088019014735307266e+00
2.218436873747494875e+00 1.088209381120995856e+00
2.224448897795590963e+00 1.088397609207276906e+00
2.230460921843687494e+00 1.088583723021335992e+00
2.236472945891783581e+00 1.088767746312874651e+00
2.242484969939879669e+00 1.088949702564083521e+00
2.248496993987975756e+00 1.089129614992507600e+00
2.254509018036072288e+00 1.089307506553865323e+00
2.260521042084168375e+00 1.089483399944826125e+00
2.266533066132264462e+00 1.089657317605739584e+00
2.272545090180360550e+00 1.089829281723318610e+00
2.278557114228457081e+00 1.089999314233279781e+00
2.284569138276553169e+00 1.090167436822937042e+00
2.290581162324649256e+00 1.090333670933749444e+00
2.296593186372745343e+00 1.090498037764552341e+00
2.302605210420841875e+00 1.090660558315584616e+00
2.308617234468937962e+00 1.090821253346406339e+00
2.314629258517034049e+00 1.090980143364163713e+00
2.320641282565130137e+00 1.091137248645852820e+00
2.326653306613226224e+00 1.091292589240890454e+00
2.332665330661322756e+00 1.091446184973644540e+00
2.338677354709418843e+00 1.091598055445932802e+00
2.344689378757514930e+00 1.091748220039484130e+00
2.350701402805611018e+00 1.091896697918366188e+00
2.356713426853707549e+00 1.092043508031375731e+00
2.362725450901803637e+00 1.092188669114395827e+00
2.368737474949899724e+00 1.092332199692716665e+00
2.374749498997995811e+00 1.092474118083320400e+00
2.380761523046092343e+00 1.092614442397784158e+00
2.386773547094188430e+00 1.092753190544087039e+00
2.392785571142284518e+00 1.092890380228107361e+00
2.398797595190380605e+00 1.093026028956272988e+00
2.404809619238477136e+00 1.093160154037677634e+00
2.410821643286573224e+00 1.093292772586160755e+00
2.416833667334669311e+00 1.093423901522349473e+00
2.422845691382765398e+00 1.093553557575670965e+00
2.428857715430861486e+00 1.093681757286325107e+00
2.434869739478958017e+00 1.093808517007223591e+00
2.440881763527054105e+00 1.093933852905895288e+00
2.446893787575150192e+00 1.094057780966353199e+00
2.452905811623246279e+00 1.094180316990930990e+00
2.458917835671342811e+00 1.094301476622519420e+00
2.464929859719438898e+00 1.094421275348659073e+00
2.470941883767534986e+00 1.094539728456977112e+00
2.476953907815631073e+00 1.094656851062913994e+00
2.482965931863727604e+00 1.094772658112027619e+00
2.488977955911823692e+00 1.094887164381859623e+00
2.494989979959919779e+00 1.095000384483778566e+00
2.501002004008015867e+00 1.095112332864792926e+00
2.507014028056112398e+00 1.095223023809339669e+00
2.513026052104208485e+00 1.095332471441044841e+00
2.519038076152304573e+00 1.095440689724457961e+00
2.525050100200400660e+00 1.095547692466757539e+00
2.531062124248496747e+00 1.095653493319433069e+00
2.537074148296593279e+00 1.095758105779938374e+00
2.543086172344689366e+00 1.095861543193317633e+00
2.549098196392785454e+00 1.095963818753804553e+00
2.555110220440881541e+00 1.096064945506396437e+00
2.561122244488978072e+00 1.096164936360496389e+00
2.567134268537074160e+00 1.096263804094783634e+00
2.573146292585170247e+00 1.096361561326426148e+00
2.579158316633266335e+00 1.096458220530293515e+00
2.585170340681362866e+00 1.096553794040935781e+00
2.591182364729458953e+00 1.096648294054097139e+00
2.597194388777555041e+00 1.096741732628206289e+00
2.603206412825651128e+00 1.096834121685840824e+00
2.609218436873747660e+00 1.096925473015168961e+00
2.615230460921843747e+00 1.097015798271368636e+00
2.621242484969939834e+00 1.097105108978021049e+00
2.627254509018035922e+00 1.097193416528480903e+00
2.633266533066132453e+00 1.097280732187224439e+00
2.639278557114228541e+00 1.097367067091171267e+00
2.645290581162324628e+00 1.097452432250984211e+00
2.651302605210420715e+00 1.097536838552344740e+00
2.657314629258516803e+00 1.097620296757204850e+00
2.663326653306613334e+00 1.097702817521280627e+00
2.669338677354709422e+00 1.097784411403809779e+00
2.675350701402805509e+00 1.097865088818033463e+00
2.681362725450901596e+00 1.097944860059009153e+00
2.687374749498998128e+00 1.098023735305848625e+00
2.693386773547094215e+00 1.098101724622946973e+00
2.699398797595190302e+00 1.098178837961196752e+00
2.705410821643286390e+00 1.098255085159176581e+00
2.711422845691382921e+00 1.098330475944323315e+00
2.717434869739479009e+00 1.098405019934081350e+00
2.723446893787575096e+00 1.098478726637033276e+00
2.729458917835671183e+00 1.098551605454009872e+00
2.735470941883767715e+00 1.098623665679179684e+00
2.741482965931863802e+00 1.098694916501117502e+00
2.747494989979959890e+00 1.098765367003855076e+00
2.753507014028055977e+00 1.098835026167907847e+00
2.759519038076152064e+00 1.098903902871285920e+00
2.765531062124248596e+00 1.098972005908257943e+00
2.771543086172344683e+00 1.099039344004950181e+00
2.777555110220440771e+00 1.099105925756030278e+00
2.783567134268536858e+00 1.099171759657835201e+00
2.789579158316633389e+00 1.099236854111069306e+00
2.795591182364729477e+00 1.099301217421823740e+00
2.801603206412825564e+00 1.099364857802582307e+00
2.807615230460921651e+00 1.099427783373206235e+00
2.813627254509018183e+00 1.099490002161907842e+00
2.819639278557114270e+00 1.099551522106202883e+00
2.825651302605210358e+00 1.099612351053848691e+00
2.831663326653306445e+00 1.099672496763764995e+00
2.837675350701402976e+00 1.099731966906938085e+00
2.843687374749499064e+00 1.099790769067309437e+00
2.849699398797595151e+00 1.099848910742645680e+00
2.855711422845691239e+00 1.099906399345394137e+00
2.861723446893787326e+00 1.099963242203519931e+00
2.867735470941883857e+00 1.100019446573338833e+00
2.873747494989979945e+00 1.100075019654340736e+00
2.879759519038076032e+00 1.100129968539895753e+00
2.885771543086172120e+00 1.100184300241892510e+00
2.891783567134268651e+00 1.100238021693241475e+00
2.897795591182364738e+00 1.100291139748709623e+00
2.903807615230460826e+00 1.100343661185740007e+00
2.909819639278556913e+00 1.100395592705259773e+00
2.915831663326653445e+00 1.100446940932472195e+00
2.921843687374749532e+00 1.100497712417635165e+00
2.927855711422845619e+00 1.100547913636825914e+00
2.933867735470941707e+00 1.100597550992691298e+00
2.939879759519038238e+00 1.100646630815185656e+00
2.945891783567134325e+00 1.100695159362290898e+00
2.951903807615230413e+00 1.100743142820727716e+00
2.957915831663326500e+00 1.100790587306647028e+00
2.963927855711423032e+00 1.100837498866313879e+00
2.969939879759519119e+00 1.100883883487320469e+00
2.975951903807615206e+00 1.100929747115744206e+00
2.981963927855711294e+00 1.100975095606236964e+00
2.987975951903807381e+00 1.101019934745504747e+00
2.993987975951903913e+00 1.101064270255083688e+00
3.000000000000000000e+00 1.101108107792033275e+00
