 0,0000	 0,0285
11,0000	 0,0471
23,0000	 0,0665
35,0000	 0,0773
47,0000	 0,0902
56,0000	 0,1034
68,0000	 0,1128
80,0000	 0,1249
93,0000	 0,1418
104,0000	 0,1470
116,0000	 0,1594
128,0000	 0,1722
137,0000	 0,1770
149,0000	 0,1889
161,0000	 0,1896
173,0000	 0,2019
185,0000	 0,2115
197,0000	 0,2183
209,0000	 0,2222
221,0000	 0,2315
233,0000	 0,2434
245,0000	 0,2466
257,0000	 0,2523
269,0000	 0,2573
281,0000	 0,2632
293,0000	 0,2717
305,0000	 0,2821
317,0000	 0,2821
329,0000	 0,2857
341,0000	 0,2830
353,0000	 0,2901
365,0000	 0,2974
377,0000	 0,3103
386,0000	 0,3085
395,0000	 0,2983
407,0000	 0,3094
419,0000	 0,3075
428,0000	 0,3132
440,0000	 0,3160
452,0000	 0,3198
464,0000	 0,3170
473,0000	 0,3237
485,0000	 0,3227
497,0000	 0,3266
510,0000	 0,3335
521,0000	 0,3325
533,0000	 0,3355
545,0000	 0,3425
554,0000	 0,3435
563,0000	 0,3415
575,0000	 0,3405
587,0000	 0,3456
596,0000	 0,3466
608,0000	 0,3538
620,0000	 0,3456
632,0000	 0,3517
644,0000	 0,3580
656,0000	 0,3456
668,0000	 0,3528
680,0000	 0,3538
692,0000	 0,3569
704,0000	 0,3466
716,0000	 0,3517
728,0000	 0,3517
740,0000	 0,3559
752,0000	 0,3590
761,0000	 0,3590
773,0000	 0,3643
785,0000	 0,3590
797,0000	 0,3654
806,0000	 0,3632
815,0000	 0,3729
827,0000	 0,3654
839,0000	 0,3622
851,0000	 0,3664
863,0000	 0,3729
875,0000	 0,3686
887,0000	 0,3643
899,0000	 0,3729
911,0000	 0,3718
923,0000	 0,3675
932,0000	 0,3718
944,0000	 0,3664
956,0000	 0,3784
969,0000	 0,3643
980,0000	 0,3664
992,0000	 0,3697
1004,0000	 0,3686
1013,0000	 0,3664
1025,0000	 0,3611
1037,0000	 0,3675
1049,0000	 0,3773
1061,0000	 0,3664
1073,0000	 0,3773
1085,0000	 0,3762
1097,0000	 0,3839
1109,0000	 0,3697
1121,0000	 0,3729
1134,0000	 0,3718
1145,0000	 0,3675
1157,0000	 0,3740
1169,0000	 0,3795
1178,0000	 0,3762
1187,0000	 0,3762
1199,0000	 0,3751
1211,0000	 0,3697
1220,0000	 0,3697
1232,0000	 0,3784
1244,0000	 0,3697
1256,0000	 0,3784
1268,0000	 0,3718
1280,0000	 0,3740
1292,0000	 0,3751
1304,0000	 0,3707
1316,0000	 0,3654
1328,0000	 0,3675
1340,0000	 0,3729
1352,0000	 0,3707
1364,0000	 0,3686
1376,0000	 0,3740
1388,0000	 0,3751
1400,0000	 0,3773
1412,0000	 0,3784
1424,0000	 0,3762
1436,0000	 0,3729
1448,0000	 0,3751
1460,0000	 0,3773
1472,0000	 0,3686
1484,0000	 0,3784
1496,0000	 0,3718
1509,0000	 0,3773
1520,0000	 0,3784
1532,0000	 0,3707
1544,0000	 0,3707
1553,0000	 0,3718
1565,0000	 0,3718
1577,0000	 0,3817
1589,0000	 0,3784
1601,0000	 0,3740
1613,0000	 0,3729
1625,0000	 0,3773
1637,0000	 0,3718
1649,0000	 0,3718
1661,0000	 0,3718
1673,0000	 0,3590
1685,0000	 0,3784
1697,0000	 0,3697
1709,0000	 0,3773
1721,0000	 0,3729
1733,0000	 0,3740
1745,0000	 0,3817
1757,0000	 0,3707
1769,0000	 0,3740
1781,0000	 0,3762
1793,0000	 0,3729
1805,0000	 0,3740
1817,0000	 0,3611
1829,0000	 0,3773
1841,0000	 0,3773
1853,0000	 0,3762
1865,0000	 0,3686
1877,0000	 0,3773
1886,0000	 0,3697
1895,0000	 0,3718
1907,0000	 0,3664
1919,0000	 0,3762
1928,0000	 0,3697
1940,0000	 0,3707
1952,0000	 0,3740
1964,0000	 0,3986
1973,0000	 0,3740
1985,0000	 0,3751
1997,0000	 0,3729
2010,0000	 0,3751
2021,0000	 0,3729
2033,0000	 0,3718
2045,0000	 0,3740
2054,0000	 0,3686
2063,0000	 0,3718
2075,0000	 0,3654
2087,0000	 0,3686
2096,0000	 0,3675
2108,0000	 0,3751
2120,0000	 0,3559
2132,0000	 0,3686
2144,0000	 0,3762
2156,0000	 0,3762
2168,0000	 0,3762
2180,0000	 0,3740
2192,0000	 0,3762
2204,0000	 0,3806
2216,0000	 0,3784
2228,0000	 0,3707
2240,0000	 0,3697
2252,0000	 0,3686
2261,0000	 0,3751
2273,0000	 0,3729
2285,0000	 0,3697
2297,0000	 0,3718
2309,0000	 0,3643
2321,0000	 0,3718
2333,0000	 0,3675
2345,0000	 0,3729
2357,0000	 0,3675
2369,0000	 0,3817
2381,0000	 0,3762
2393,0000	 0,3740
2405,0000	 0,3664
2417,0000	 0,3697
2429,0000	 0,3773
2441,0000	 0,3718
2453,0000	 0,3718
2465,0000	 0,3751
2477,0000	 0,3707
2489,0000	 0,3707
2501,0000	 0,3686
2513,0000	 0,3784
2525,0000	 0,3740
2537,0000	 0,3729
2549,0000	 0,3762
2561,0000	 0,3850
2573,0000	 0,3697
2585,0000	 0,3729
2597,0000	 0,3718
2609,0000	 0,3707
2621,0000	 0,3740
2634,0000	 0,3697
2645,0000	 0,3762
2657,0000	 0,3751
2669,0000	 0,3740
2678,0000	 0,3654
2687,0000	 0,3654
2699,0000	 0,3751
2711,0000	 0,3664
2720,0000	 0,3729
2732,0000	 0,3773
2744,0000	 0,3654
2756,0000	 0,3729
2768,0000	 0,3729
2780,0000	 0,3751
2792,0000	 0,3729
2804,0000	 0,3697
2816,0000	 0,3718
2828,0000	 0,3686
2840,0000	 0,3664
2852,0000	 0,3729
2864,0000	 0,3762
2876,0000	 0,3773
2888,0000	 0,3718
2900,0000	 0,3784
2912,0000	 0,3707
2924,0000	 0,3784
2936,0000	 0,3795
2948,0000	 0,3751
2960,0000	 0,3686
2972,0000	 0,3729
2984,0000	 0,3729
2996,0000	 0,3751
3009,0000	 0,3718
