 0,0000	 0,0310
 9,0000	 0,0491
18,0000	 0,0654
27,0000	 0,0784
36,0000	 0,0930
48,0000	 0,1164
57,0000	 0,1256
66,0000	 0,1406
75,0000	 0,1528
84,0000	 0,1614
93,0000	 0,1661
102,0000	 0,1833
111,0000	 0,1896
120,0000	 0,1983
132,0000	 0,2093
141,0000	 0,2078
150,0000	 0,2252
159,0000	 0,2346
168,0000	 0,2354
177,0000	 0,2434
186,0000	 0,2565
195,0000	 0,2581
204,0000	 0,2674
213,0000	 0,2683
222,0000	 0,2717
231,0000	 0,2769
240,0000	 0,2786
249,0000	 0,2830
258,0000	 0,2928
267,0000	 0,2892
276,0000	 0,3010
285,0000	 0,3029
295,0000	 0,3057
306,0000	 0,3189
315,0000	 0,3057
324,0000	 0,3179
333,0000	 0,3189
342,0000	 0,3208
351,0000	 0,3247
360,0000	 0,3295
369,0000	 0,3227
381,0000	 0,3286
390,0000	 0,3355
399,0000	 0,3385
408,0000	 0,3325
417,0000	 0,3395
426,0000	 0,3355
435,0000	 0,3445
444,0000	 0,3385
453,0000	 0,3365
465,0000	 0,3517
474,0000	 0,3466
483,0000	 0,3445
492,0000	 0,3517
501,0000	 0,3507
510,0000	 0,3476
519,0000	 0,3507
528,0000	 0,3517
537,0000	 0,3590
549,0000	 0,3590
558,0000	 0,3517
567,0000	 0,3580
576,0000	 0,3654
586,0000	 0,3601
597,0000	 0,3580
606,0000	 0,3580
615,0000	 0,3601
624,0000	 0,3590
633,0000	 0,3611
642,0000	 0,3611
651,0000	 0,3675
660,0000	 0,3686
670,0000	 0,3643
681,0000	 0,3632
690,0000	 0,3569
699,0000	 0,3622
708,0000	 0,3632
717,0000	 0,3643
726,0000	 0,3654
735,0000	 0,3664
744,0000	 0,3611
756,0000	 0,3664
765,0000	 0,3611
774,0000	 0,3664
783,0000	 0,3675
792,0000	 0,3654
801,0000	 0,3601
810,0000	 0,3601
819,0000	 0,3675
828,0000	 0,3729
840,0000	 0,3559
849,0000	 0,3806
858,0000	 0,3795
867,0000	 0,3611
876,0000	 0,3622
885,0000	 0,3675
894,0000	 0,3622
903,0000	 0,3601
912,0000	 0,3707
924,0000	 0,3664
933,0000	 0,3643
942,0000	 0,3751
951,0000	 0,3707
961,0000	 0,3707
972,0000	 0,3664
981,0000	 0,3686
990,0000	 0,3675
999,0000	 0,3675
1008,0000	 0,3675
1017,0000	 0,3697
1026,0000	 0,3850
1035,0000	 0,3707
1045,0000	 0,3643
1056,0000	 0,3686
1065,0000	 0,3707
1074,0000	 0,3751
1083,0000	 0,3686
1092,0000	 0,3686
1101,0000	 0,3718
1110,0000	 0,3654
1122,0000	 0,3611
1131,0000	 0,3675
1140,0000	 0,3697
1149,0000	 0,3611
1158,0000	 0,3697
1167,0000	 0,3664
1176,0000	 0,3697
1185,0000	 0,3664
1194,0000	 0,3675
1203,0000	 0,3643
1212,0000	 0,3675
1221,0000	 0,3675
1230,0000	 0,3686
1239,0000	 0,3686
1248,0000	 0,3729
1257,0000	 0,3654
1266,0000	 0,3751
1275,0000	 0,3686
1284,0000	 0,3707
1297,0000	 0,3686
1308,0000	 0,3654
1317,0000	 0,3675
1326,0000	 0,3675
1336,0000	 0,3697
1347,0000	 0,3632
1356,0000	 0,3762
1365,0000	 0,3622
1374,0000	 0,3697
1383,0000	 0,3707
1392,0000	 0,3632
1401,0000	 0,3664
1410,0000	 0,3773
1422,0000	 0,3718
1431,0000	 0,3729
1440,0000	 0,3675
1449,0000	 0,3740
1458,0000	 0,3784
1467,0000	 0,3675
1476,0000	 0,3686
1485,0000	 0,3664
1497,0000	 0,3686
1506,0000	 0,3675
1515,0000	 0,3643
1524,0000	 0,3697
1533,0000	 0,3675
1542,0000	 0,3729
1551,0000	 0,3697
1560,0000	 0,3718
1569,0000	 0,3686
1581,0000	 0,3632
1590,0000	 0,3601
1599,0000	 0,3664
1608,0000	 0,3664
1617,0000	 0,3697
1626,0000	 0,3675
1635,0000	 0,3729
1644,0000	 0,3643
1653,0000	 0,3664
1665,0000	 0,3729
1674,0000	 0,3740
1683,0000	 0,3654
1692,0000	 0,3654
1701,0000	 0,3718
1711,0000	 0,3654
1722,0000	 0,3611
1731,0000	 0,3675
1740,0000	 0,3664
1749,0000	 0,3675
1758,0000	 0,3664
1767,0000	 0,3654
1776,0000	 0,3654
1785,0000	 0,3664
1797,0000	 0,3664
1806,0000	 0,3686
1815,0000	 0,3751
1824,0000	 0,3632
1833,0000	 0,3707
1842,0000	 0,3643
1851,0000	 0,3632
1860,0000	 0,3718
1869,0000	 0,3686
1881,0000	 0,3654
1890,0000	 0,3686
1899,0000	 0,3729
1908,0000	 0,3622
1917,0000	 0,3664
1926,0000	 0,3654
1935,0000	 0,3718
1944,0000	 0,3643
1953,0000	 0,3654
1965,0000	 0,3622
1974,0000	 0,3686
1983,0000	 0,3675
1992,0000	 0,3697
2001,0000	 0,3664
2010,0000	 0,3740
2019,0000	 0,3675
2028,0000	 0,3784
2037,0000	 0,3686
2049,0000	 0,3632
2058,0000	 0,3686
2067,0000	 0,3548
2076,0000	 0,3697
2086,0000	 0,3654
2097,0000	 0,3664
2106,0000	 0,3686
2115,0000	 0,3707
2124,0000	 0,3664
2133,0000	 0,3622
2142,0000	 0,3675
2151,0000	 0,3675
2160,0000	 0,3675
2170,0000	 0,3632
2181,0000	 0,3697
2190,0000	 0,3697
2199,0000	 0,3654
2208,0000	 0,3664
2217,0000	 0,3664
2226,0000	 0,3729
2235,0000	 0,3751
2244,0000	 0,3643
2254,0000	 0,3686
2265,0000	 0,3622
2274,0000	 0,3718
2283,0000	 0,3643
2292,0000	 0,3632
2301,0000	 0,3622
2310,0000	 0,3697
2319,0000	 0,3675
2328,0000	 0,3632
2338,0000	 0,3675
2349,0000	 0,3643
2358,0000	 0,3707
2367,0000	 0,3707
2376,0000	 0,3664
2385,0000	 0,3654
2394,0000	 0,3611
2403,0000	 0,3686
2412,0000	 0,3707
2422,0000	 0,3675
2433,0000	 0,3697
2442,0000	 0,3707
2451,0000	 0,3632
2461,0000	 0,3622
2472,0000	 0,3675
2481,0000	 0,3697
2490,0000	 0,3718
2499,0000	 0,3664
2508,0000	 0,3686
2517,0000	 0,3643
2526,0000	 0,3707
2535,0000	 0,3654
2545,0000	 0,3697
2556,0000	 0,3664
2565,0000	 0,3729
2574,0000	 0,3718
2583,0000	 0,3675
2592,0000	 0,3643
2601,0000	 0,3643
2610,0000	 0,3622
2619,0000	 0,3643
2629,0000	 0,3622
2640,0000	 0,3686
2649,0000	 0,3718
2658,0000	 0,3675
2667,0000	 0,3664
2676,0000	 0,3632
2685,0000	 0,3664
2694,0000	 0,3697
2703,0000	 0,3675
2712,0000	 0,3611
2721,0000	 0,3697
2730,0000	 0,3686
2739,0000	 0,3611
2748,0000	 0,3569
2757,0000	 0,3675
2766,0000	 0,3643
2775,0000	 0,3654
2784,0000	 0,3611
2793,0000	 0,3675
2802,0000	 0,3675
2811,0000	 0,3686
2820,0000	 0,3697
2829,0000	 0,3686
2838,0000	 0,3718
2847,0000	 0,3718
2856,0000	 0,3675
2865,0000	 0,3664
2874,0000	 0,3675
2883,0000	 0,3654
2892,0000	 0,3675
2901,0000	 0,3601
2910,0000	 0,3707
2920,0000	 0,3654
2931,0000	 0,3611
2940,0000	 0,3664
2949,0000	 0,3622
2958,0000	 0,3675
2967,0000	 0,3697
2976,0000	 0,3664
2985,0000	 0,3697
2994,0000	 0,3729
3004,0000	 0,3643
