 0,0000	 0,0340
 9,0000	 0,0445
18,0000	 0,0622
27,0000	 0,0741
36,0000	 0,0818
45,0000	 0,0942
54,0000	 0,0982
63,0000	 0,1075
72,0000	 0,1207
81,0000	 0,1330
94,0000	 0,1515
105,0000	 0,1567
114,0000	 0,1647
123,0000	 0,1722
133,0000	 0,1819
144,0000	 0,1868
153,0000	 0,1968
162,0000	 0,1961
171,0000	 0,1975
180,0000	 0,2034
189,0000	 0,2130
198,0000	 0,2153
207,0000	 0,2222
219,0000	 0,2268
228,0000	 0,2330
237,0000	 0,2370
246,0000	 0,2418
255,0000	 0,2499
264,0000	 0,2499
273,0000	 0,2532
282,0000	 0,2649
291,0000	 0,2683
303,0000	 0,2691
312,0000	 0,2717
321,0000	 0,2708
330,0000	 0,2760
339,0000	 0,2786
348,0000	 0,2848
357,0000	 0,2821
366,0000	 0,2812
375,0000	 0,2901
387,0000	 0,2955
396,0000	 0,2955
405,0000	 0,2983
414,0000	 0,3010
423,0000	 0,3029
432,0000	 0,3010
441,0000	 0,3047
450,0000	 0,3066
459,0000	 0,3057
471,0000	 0,3141
480,0000	 0,3085
489,0000	 0,3075
498,0000	 0,3122
508,0000	 0,3170
519,0000	 0,3227
528,0000	 0,3198
537,0000	 0,3208
546,0000	 0,3170
555,0000	 0,3208
564,0000	 0,3218
573,0000	 0,3266
582,0000	 0,3227
592,0000	 0,3305
603,0000	 0,3375
612,0000	 0,3345
621,0000	 0,3355
630,0000	 0,3286
639,0000	 0,3355
648,0000	 0,3256
657,0000	 0,3355
666,0000	 0,3305
676,0000	 0,3415
687,0000	 0,3295
696,0000	 0,3365
705,0000	 0,3355
714,0000	 0,3435
723,0000	 0,3405
732,0000	 0,3335
741,0000	 0,3355
750,0000	 0,3365
760,0000	 0,3365
771,0000	 0,3355
780,0000	 0,3345
789,0000	 0,3395
798,0000	 0,3335
807,0000	 0,3405
816,0000	 0,3365
825,0000	 0,3395
834,0000	 0,3456
846,0000	 0,3415
855,0000	 0,3425
864,0000	 0,3466
873,0000	 0,3435
883,0000	 0,3395
894,0000	 0,3466
903,0000	 0,3497
912,0000	 0,3405
921,0000	 0,3415
930,0000	 0,3445
939,0000	 0,3538
948,0000	 0,3456
957,0000	 0,3435
967,0000	 0,3395
978,0000	 0,3415
987,0000	 0,3517
996,0000	 0,3435
1005,0000	 0,3486
1014,0000	 0,3456
1023,0000	 0,3445
1032,0000	 0,3559
1041,0000	 0,3517
1051,0000	 0,3435
1062,0000	 0,3476
1071,0000	 0,3435
1080,0000	 0,3466
1089,0000	 0,3466
1098,0000	 0,3486
1107,0000	 0,3476
1116,0000	 0,3435
1125,0000	 0,3507
1137,0000	 0,3395
1146,0000	 0,3466
1155,0000	 0,3476
1164,0000	 0,3476
1173,0000	 0,3435
1182,0000	 0,3497
1191,0000	 0,3590
1200,0000	 0,3395
1209,0000	 0,3466
1221,0000	 0,3466
1230,0000	 0,3476
1239,0000	 0,3476
1248,0000	 0,3507
1258,0000	 0,3435
1269,0000	 0,3517
1278,0000	 0,3476
1287,0000	 0,3445
1296,0000	 0,3435
1305,0000	 0,3569
1314,0000	 0,3580
1323,0000	 0,3528
1332,0000	 0,3476
1342,0000	 0,3497
1353,0000	 0,3538
1362,0000	 0,3456
1371,0000	 0,3385
1380,0000	 0,3486
1389,0000	 0,3507
1398,0000	 0,3415
1407,0000	 0,3486
1416,0000	 0,3456
1426,0000	 0,3528
1437,0000	 0,3559
1446,0000	 0,3445
1455,0000	 0,3486
1464,0000	 0,3507
1473,0000	 0,3476
1482,0000	 0,3466
1491,0000	 0,3415
1503,0000	 0,3405
1512,0000	 0,3456
1521,0000	 0,3486
1530,0000	 0,3497
1539,0000	 0,3538
1548,0000	 0,3415
1557,0000	 0,3445
1566,0000	 0,3486
1575,0000	 0,3497
1587,0000	 0,3476
1596,0000	 0,3528
1605,0000	 0,3497
1614,0000	 0,3528
1623,0000	 0,3517
1633,0000	 0,3466
1644,0000	 0,3486
1653,0000	 0,3486
1662,0000	 0,3456
1675,0000	 0,3486
1686,0000	 0,3486
1695,0000	 0,3507
1704,0000	 0,3476
1713,0000	 0,3528
1722,0000	 0,3456
1731,0000	 0,3486
1740,0000	 0,3486
1749,0000	 0,3497
1761,0000	 0,3476
1770,0000	 0,3435
1779,0000	 0,3486
1788,0000	 0,3456
1797,0000	 0,3466
1806,0000	 0,3507
1815,0000	 0,3435
1824,0000	 0,3497
1833,0000	 0,3445
1845,0000	 0,3486
1854,0000	 0,3466
1863,0000	 0,3435
1872,0000	 0,3445
1881,0000	 0,3456
1890,0000	 0,3476
1899,0000	 0,3486
1908,0000	 0,3405
1917,0000	 0,3456
1929,0000	 0,3456
1938,0000	 0,3497
1947,0000	 0,3497
1956,0000	 0,3497
1965,0000	 0,3497
1974,0000	 0,3415
1983,0000	 0,3415
1992,0000	 0,3528
2001,0000	 0,3415
2010,0000	 0,3476
2019,0000	 0,3528
2028,0000	 0,3559
2037,0000	 0,3456
2050,0000	 0,3456
2061,0000	 0,3497
2070,0000	 0,3476
2079,0000	 0,3476
2088,0000	 0,3435
2097,0000	 0,3476
2106,0000	 0,3456
2115,0000	 0,3375
2124,0000	 0,3517
2134,0000	 0,3435
2145,0000	 0,3425
2154,0000	 0,3466
2163,0000	 0,3385
2172,0000	 0,3548
2181,0000	 0,3466
2190,0000	 0,3507
2199,0000	 0,3517
2208,0000	 0,3476
2218,0000	 0,3466
2229,0000	 0,3486
2238,0000	 0,3559
2247,0000	 0,3507
2256,0000	 0,3435
2265,0000	 0,3476
2274,0000	 0,3456
2283,0000	 0,3517
2292,0000	 0,3456
2301,0000	 0,3456
2310,0000	 0,3425
2319,0000	 0,3466
2328,0000	 0,3476
2337,0000	 0,3355
2346,0000	 0,3466
2355,0000	 0,3486
2364,0000	 0,3486
2373,0000	 0,3456
2385,0000	 0,3395
2394,0000	 0,3517
2403,0000	 0,3486
2412,0000	 0,3548
2421,0000	 0,3517
2430,0000	 0,3466
2439,0000	 0,3425
2448,0000	 0,3497
2457,0000	 0,3456
2469,0000	 0,3517
2478,0000	 0,3507
2487,0000	 0,3507
2496,0000	 0,3497
2505,0000	 0,3517
2514,0000	 0,3476
2523,0000	 0,3476
2532,0000	 0,3559
2541,0000	 0,3548
2553,0000	 0,3476
2562,0000	 0,3476
2571,0000	 0,3435
2580,0000	 0,3497
2589,0000	 0,3466
2598,0000	 0,3538
2607,0000	 0,3415
2616,0000	 0,3456
2625,0000	 0,3466
2637,0000	 0,3456
2646,0000	 0,3486
2655,0000	 0,3445
2664,0000	 0,3486
2673,0000	 0,3435
2682,0000	 0,3445
2691,0000	 0,3445
2700,0000	 0,3528
2709,0000	 0,3425
2721,0000	 0,3456
2730,0000	 0,3497
2739,0000	 0,3517
2748,0000	 0,3507
2758,0000	 0,3486
2769,0000	 0,3497
2778,0000	 0,3538
2787,0000	 0,3486
2796,0000	 0,3528
2805,0000	 0,3415
2814,0000	 0,3415
2823,0000	 0,3355
2832,0000	 0,3486
2842,0000	 0,3517
2853,0000	 0,3497
2862,0000	 0,3435
2871,0000	 0,3445
2880,0000	 0,3476
2889,0000	 0,3445
2898,0000	 0,3435
2907,0000	 0,3435
2916,0000	 0,3435
2926,0000	 0,3497
2937,0000	 0,3456
2946,0000	 0,3476
2955,0000	 0,3445
2964,0000	 0,3466
2973,0000	 0,3466
2982,0000	 0,3476
2991,0000	 0,3497
3000,0000	 0,3476
3009,0000	 0,3395
