 0,0000	 0,0198
10,0000	 0,0415
22,0000	 0,0517
31,0000	 0,0660
40,0000	 0,0795
52,0000	 0,0919
64,0000	 0,1028
73,0000	 0,1158
82,0000	 0,1262
94,0000	 0,1324
106,0000	 0,1450
115,0000	 0,1541
124,0000	 0,1634
136,0000	 0,1749
148,0000	 0,1854
157,0000	 0,1918
166,0000	 0,2027
178,0000	 0,2108
190,0000	 0,2123
199,0000	 0,2183
208,0000	 0,2206
220,0000	 0,2276
229,0000	 0,2307
238,0000	 0,2354
247,0000	 0,2515
259,0000	 0,2491
271,0000	 0,2581
280,0000	 0,2581
289,0000	 0,2606
301,0000	 0,2674
313,0000	 0,2708
322,0000	 0,2717
331,0000	 0,2734
343,0000	 0,2751
355,0000	 0,2830
364,0000	 0,2839
373,0000	 0,2901
385,0000	 0,2866
397,0000	 0,2974
406,0000	 0,2946
415,0000	 0,3075
427,0000	 0,3001
439,0000	 0,3038
448,0000	 0,3085
457,0000	 0,3103
469,0000	 0,3075
481,0000	 0,3103
490,0000	 0,3170
499,0000	 0,3151
511,0000	 0,3218
523,0000	 0,3170
532,0000	 0,3198
541,0000	 0,3160
553,0000	 0,3160
565,0000	 0,3385
574,0000	 0,3208
583,0000	 0,3170
595,0000	 0,3208
607,0000	 0,3365
616,0000	 0,3237
625,0000	 0,3305
637,0000	 0,3325
646,0000	 0,3276
655,0000	 0,3295
664,0000	 0,3395
676,0000	 0,3315
688,0000	 0,3335
697,0000	 0,3365
706,0000	 0,3325
718,0000	 0,3335
730,0000	 0,3365
739,0000	 0,3365
748,0000	 0,3375
760,0000	 0,3385
772,0000	 0,3476
781,0000	 0,3466
790,0000	 0,3375
802,0000	 0,3415
814,0000	 0,3385
823,0000	 0,3365
832,0000	 0,3435
844,0000	 0,3425
856,0000	 0,3385
865,0000	 0,3415
874,0000	 0,3415
886,0000	 0,3435
898,0000	 0,3385
907,0000	 0,3405
916,0000	 0,3486
928,0000	 0,3445
940,0000	 0,3415
949,0000	 0,3415
958,0000	 0,3415
970,0000	 0,3476
982,0000	 0,3415
991,0000	 0,3456
1000,0000	 0,3395
1012,0000	 0,3435
1024,0000	 0,3385
1033,0000	 0,3466
1042,0000	 0,3425
1054,0000	 0,3456
1063,0000	 0,3476
1072,0000	 0,3476
1081,0000	 0,3435
1093,0000	 0,3445
1105,0000	 0,3435
1114,0000	 0,3405
1123,0000	 0,3445
1135,0000	 0,3445
1147,0000	 0,3435
1156,0000	 0,3476
1165,0000	 0,3415
1177,0000	 0,3445
1189,0000	 0,3445
1198,0000	 0,3486
1207,0000	 0,3385
1219,0000	 0,3497
1231,0000	 0,3425
1240,0000	 0,3445
1249,0000	 0,3405
1261,0000	 0,3476
1273,0000	 0,3466
1282,0000	 0,3445
1291,0000	 0,3601
1303,0000	 0,3405
1315,0000	 0,3456
1324,0000	 0,3415
1333,0000	 0,3476
1345,0000	 0,3476
1357,0000	 0,3466
1366,0000	 0,3425
1375,0000	 0,3517
1387,0000	 0,3445
1399,0000	 0,3486
1408,0000	 0,3425
1414,0000	 0,3476
1426,0000	 0,3415
1438,0000	 0,3385
1447,0000	 0,3445
1456,0000	 0,3385
1468,0000	 0,3476
1480,0000	 0,3405
1489,0000	 0,3486
1498,0000	 0,3476
1510,0000	 0,3425
1522,0000	 0,3445
1531,0000	 0,3507
1540,0000	 0,3466
1552,0000	 0,3476
1564,0000	 0,3425
1573,0000	 0,3445
1582,0000	 0,3456
1594,0000	 0,3476
1606,0000	 0,3476
1615,0000	 0,3517
1624,0000	 0,3466
1636,0000	 0,3435
1648,0000	 0,3405
1657,0000	 0,3395
1666,0000	 0,3425
1678,0000	 0,3415
1690,0000	 0,3375
1699,0000	 0,3445
1708,0000	 0,3476
1720,0000	 0,3395
1732,0000	 0,3476
1741,0000	 0,3456
1750,0000	 0,3435
1762,0000	 0,3507
1774,0000	 0,3517
1783,0000	 0,3395
1792,0000	 0,3456
1804,0000	 0,3425
1816,0000	 0,3425
1825,0000	 0,3569
1834,0000	 0,3456
1846,0000	 0,3425
1858,0000	 0,3486
1867,0000	 0,3497
1876,0000	 0,3445
1885,0000	 0,3445
1897,0000	 0,3538
1906,0000	 0,3476
1915,0000	 0,3415
1927,0000	 0,3456
1939,0000	 0,3486
1948,0000	 0,3507
1957,0000	 0,3435
1969,0000	 0,3375
1981,0000	 0,3456
1990,0000	 0,3415
1999,0000	 0,3476
2011,0000	 0,3486
2023,0000	 0,3445
2032,0000	 0,3486
2041,0000	 0,3456
2053,0000	 0,3385
2065,0000	 0,3415
2074,0000	 0,3435
2083,0000	 0,3569
2095,0000	 0,3456
2107,0000	 0,3425
2116,0000	 0,3385
2125,0000	 0,3435
2137,0000	 0,3517
2149,0000	 0,3445
2158,0000	 0,3476
2167,0000	 0,3425
2179,0000	 0,3476
2191,0000	 0,3445
2200,0000	 0,3425
2209,0000	 0,3445
2221,0000	 0,3456
2233,0000	 0,3425
2242,0000	 0,3445
2251,0000	 0,3486
2263,0000	 0,3486
2275,0000	 0,3425
2284,0000	 0,3445
2290,0000	 0,3385
2302,0000	 0,3375
2314,0000	 0,3486
2323,0000	 0,3497
2332,0000	 0,3466
2344,0000	 0,3476
2356,0000	 0,3385
2365,0000	 0,3476
2374,0000	 0,3445
2386,0000	 0,3435
2398,0000	 0,3395
2407,0000	 0,3507
2416,0000	 0,3486
2425,0000	 0,3425
2437,0000	 0,3528
2449,0000	 0,3405
2458,0000	 0,3445
2470,0000	 0,3415
2482,0000	 0,3486
2491,0000	 0,3405
2500,0000	 0,3466
2512,0000	 0,3425
2524,0000	 0,3415
2533,0000	 0,3435
2539,0000	 0,3435
2551,0000	 0,3385
2563,0000	 0,3476
2575,0000	 0,3435
2584,0000	 0,3486
2593,0000	 0,3415
2605,0000	 0,3486
2614,0000	 0,3435
2623,0000	 0,3456
2635,0000	 0,3435
2647,0000	 0,3435
2656,0000	 0,3466
2665,0000	 0,3456
2677,0000	 0,3365
2689,0000	 0,3497
2698,0000	 0,3497
2707,0000	 0,3517
2719,0000	 0,3507
2731,0000	 0,3435
2740,0000	 0,3415
2749,0000	 0,3415
2761,0000	 0,3385
2773,0000	 0,3528
2782,0000	 0,3445
2791,0000	 0,3456
2803,0000	 0,3517
2815,0000	 0,3466
2824,0000	 0,3445
2833,0000	 0,3456
2845,0000	 0,3405
2857,0000	 0,3456
2866,0000	 0,3365
2875,0000	 0,3365
2887,0000	 0,3445
2899,0000	 0,3445
2908,0000	 0,3456
2914,0000	 0,3445
2926,0000	 0,3365
2938,0000	 0,3497
2947,0000	 0,3425
2956,0000	 0,3456
2968,0000	 0,3415
2980,0000	 0,3507
2989,0000	 0,3395
2998,0000	 0,3415
3010,0000	 0,3435
