 0.0000	 0.0111
11.0000	 0.0224
19.0000	 0.0436
31.0000	 0.0293
40.0000	 0.0364
49.0000	 0.0608
58.0000	 0.0659
67.0000	 0.0659
79.0000	 0.0633
88.0000	 0.0608
97.0000	 0.0735
109.0000	 0.0787
118.0000	 0.0893
127.0000	 0.0975
137.0000	 0.1030
148.0000	 0.1030
157.0000	 0.1002
166.0000	 0.1286
175.0000	 0.1345
184.0000	 0.1345
193.0000	 0.1286
202.0000	 0.1170
211.0000	 0.1590
221.0000	 0.1435
232.0000	 0.1621
241.0000	 0.1750
250.0000	 0.1916
259.0000	 0.1558
268.0000	 0.1783
277.0000	 0.1849
286.0000	 0.1950
295.0000	 0.1916
304.0000	 0.1816
313.0000	 0.1985
325.0000	 0.2233
334.0000	 0.2089
344.0000	 0.2233
355.0000	 0.2125
367.0000	 0.2458
376.0000	 0.2233
386.0000	 0.2496
394.0000	 0.2575
403.0000	 0.2344
412.0000	 0.2614
421.0000	 0.2419
430.0000	 0.2654
439.0000	 0.2735
451.0000	 0.2575
460.0000	 0.2575
470.0000	 0.2654
478.0000	 0.2614
487.0000	 0.3211
496.0000	 0.3032
505.0000	 0.2989
514.0000	 0.3351
523.0000	 0.2945
535.0000	 0.2989
544.0000	 0.2903
554.0000	 0.2989
565.0000	 0.2945
577.0000	 0.3166
586.0000	 0.3257
595.0000	 0.2860
607.0000	 0.2945
616.0000	 0.3076
625.0000	 0.2777
634.0000	 0.3495
643.0000	 0.3166
655.0000	 0.3398
664.0000	 0.3257
673.0000	 0.3495
682.0000	 0.3495
691.0000	 0.3211
700.0000	 0.3351
709.0000	 0.3166
719.0000	 0.3544
727.0000	 0.3904
739.0000	 0.3593
748.0000	 0.3593
757.0000	 0.3798
766.0000	 0.3211
775.0000	 0.3593
784.0000	 0.3544
793.0000	 0.3351
803.0000	 0.3904
814.0000	 0.3544
823.0000	 0.3644
832.0000	 0.3904
841.0000	 0.3495
850.0000	 0.3798
859.0000	 0.3746
868.0000	 0.3746
877.0000	 0.3644
887.0000	 0.3746
898.0000	 0.3850
907.0000	 0.3694
916.0000	 0.4012
925.0000	 0.4012
934.0000	 0.4538
943.0000	 0.3904
952.0000	 0.4012
961.0000	 0.3495
971.0000	 0.4180
982.0000	 0.4124
991.0000	 0.3958
1000.0000	 0.4415
1009.0000	 0.4180
1018.0000	 0.4180
1027.0000	 0.4355
1036.0000	 0.4068
1045.0000	 0.4296
1054.0000	 0.4415
1063.0000	 0.4238
1075.0000	 0.3904
1084.0000	 0.3958
1094.0000	 0.3958
1102.0000	 0.4538
1111.0000	 0.4068
1120.0000	 0.4124
1129.0000	 0.3694
1138.0000	 0.4538
1147.0000	 0.4238
1159.0000	 0.4124
1168.0000	 0.4238
1178.0000	 0.4600
1186.0000	 0.4355
1195.0000	 0.4296
1204.0000	 0.4476
1213.0000	 0.4538
1222.0000	 0.4180
1231.0000	 0.4180
1243.0000	 0.4068
1252.0000	 0.4238
1262.0000	 0.4124
1270.0000	 0.4124
1279.0000	 0.4355
1288.0000	 0.4180
1297.0000	 0.4600
1306.0000	 0.4296
1315.0000	 0.4476
1327.0000	 0.4355
1336.0000	 0.4180
1346.0000	 0.4012
1357.0000	 0.4600
1369.0000	 0.4415
1378.0000	 0.4355
1387.0000	 0.4238
1399.0000	 0.4538
1411.0000	 0.4296
1420.0000	 0.4663
1429.0000	 0.4355
1441.0000	 0.4296
1453.0000	 0.4538
1462.0000	 0.4355
1471.0000	 0.4600
1483.0000	 0.4296
1495.0000	 0.4793
1504.0000	 0.4995
1513.0000	 0.4538
1525.0000	 0.4600
1537.0000	 0.4538
1546.0000	 0.4538
1555.0000	 0.4663
1567.0000	 0.4728
1579.0000	 0.4600
1588.0000	 0.4859
1597.0000	 0.4600
1609.0000	 0.4238
1621.0000	 0.4600
1630.0000	 0.4296
1639.0000	 0.4415
1651.0000	 0.4355
1660.0000	 0.4355
1669.0000	 0.4476
1679.0000	 0.4859
1690.0000	 0.4927
1699.0000	 0.4538
1708.0000	 0.4663
1717.0000	 0.4793
1726.0000	 0.4600
1735.0000	 0.4663
1744.0000	 0.4180
1753.0000	 0.4927
1763.0000	 0.4927
1774.0000	 0.4728
1783.0000	 0.4793
1792.0000	 0.4600
1802.0000	 0.4793
1810.0000	 0.4538
1819.0000	 0.4793
1828.0000	 0.4663
1837.0000	 0.4663
1846.0000	 0.4793
1855.0000	 0.4793
1867.0000	 0.4728
1876.0000	 0.4180
1886.0000	 0.4600
1894.0000	 0.4859
1903.0000	 0.4663
1912.0000	 0.4927
1921.0000	 0.4859
1930.0000	 0.4538
1939.0000	 0.4538
1951.0000	 0.5207
1960.0000	 0.4728
1970.0000	 0.4728
1978.0000	 0.4728
1987.0000	 0.4415
1996.0000	 0.4793
2005.0000	 0.4793
2014.0000	 0.4600
2023.0000	 0.4415
2035.0000	 0.4538
2044.0000	 0.5135
2054.0000	 0.4995
2065.0000	 0.4600
2077.0000	 0.4728
2086.0000	 0.5065
2095.0000	 0.4600
2107.0000	 0.4476
2119.0000	 0.4728
2128.0000	 0.4663
2138.0000	 0.4663
2149.0000	 0.4793
2161.0000	 0.4663
2170.0000	 0.4180
2179.0000	 0.4859
2191.0000	 0.4859
2203.0000	 0.4995
2212.0000	 0.4238
2221.0000	 0.5430
2233.0000	 0.4663
2245.0000	 0.4793
2254.0000	 0.5065
2263.0000	 0.4793
2275.0000	 0.4538
2287.0000	 0.5207
2296.0000	 0.4663
2305.0000	 0.4728
2317.0000	 0.4995
2329.0000	 0.5065
2338.0000	 0.4793
2347.0000	 0.4793
2359.0000	 0.4859
2371.0000	 0.4793
2380.0000	 0.4859
2389.0000	 0.4859
2401.0000	 0.4859
2410.0000	 0.4859
2419.0000	 0.4663
2429.0000	 0.4663
2440.0000	 0.4793
2449.0000	 0.4927
2458.0000	 0.4859
2467.0000	 0.4859
2476.0000	 0.5280
2485.0000	 0.4859
2497.0000	 0.4600
2506.0000	 0.4538
2515.0000	 0.4859
2527.0000	 0.4859
2536.0000	 0.4793
2545.0000	 0.4859
2554.0000	 0.4793
2563.0000	 0.5065
2575.0000	 0.4793
2584.0000	 0.4859
2594.0000	 0.4793
2602.0000	 0.4600
2611.0000	 0.4927
2620.0000	 0.4728
2629.0000	 0.4995
2638.0000	 0.4728
2647.0000	 0.5065
2659.0000	 0.4600
2668.0000	 0.4538
2678.0000	 0.4793
2686.0000	 0.4538
2695.0000	 0.4538
2704.0000	 0.4793
2713.0000	 0.4995
2722.0000	 0.4728
2731.0000	 0.4538
2743.0000	 0.5065
2752.0000	 0.4600
2762.0000	 0.4927
2773.0000	 0.4415
2785.0000	 0.5065
2794.0000	 0.4859
2803.0000	 0.5135
2815.0000	 0.5065
2827.0000	 0.4663
2836.0000	 0.4728
2846.0000	 0.4728
2857.0000	 0.4793
2869.0000	 0.4927
2878.0000	 0.4476
2887.0000	 0.4538
2899.0000	 0.4859
2911.0000	 0.5207
2920.0000	 0.4859
2929.0000	 0.4793
2941.0000	 0.4238
2953.0000	 0.5665
2962.0000	 0.4927
2971.0000	 0.5065
2983.0000	 0.4415
2995.0000	 0.4927
3004.0000	 0.4859
