 0,0000	 0,0476
10,0000	 0,0554
19,0000	 0,0692
28,0000	 0,0812
37,0000	 0,0924
46,0000	 0,0970
55,0000	 0,1057
64,0000	 0,1225
73,0000	 0,1225
82,0000	 0,1393
91,0000	 0,1374
100,0000	 0,1561
109,0000	 0,1634
119,0000	 0,1722
130,0000	 0,1777
139,0000	 0,1798
148,0000	 0,1896
157,0000	 0,1896
166,0000	 0,2056
175,0000	 0,2108
184,0000	 0,2086
193,0000	 0,2168
203,0000	 0,2206
214,0000	 0,2299
223,0000	 0,2268
232,0000	 0,2346
241,0000	 0,2434
250,0000	 0,2458
259,0000	 0,2458
268,0000	 0,2482
277,0000	 0,2573
287,0000	 0,2523
298,0000	 0,2565
307,0000	 0,2640
316,0000	 0,2666
326,0000	 0,2700
337,0000	 0,2632
346,0000	 0,2657
355,0000	 0,2725
364,0000	 0,2760
373,0000	 0,2751
382,0000	 0,2857
391,0000	 0,2866
400,0000	 0,2928
410,0000	 0,2883
421,0000	 0,2919
430,0000	 0,2992
439,0000	 0,2955
448,0000	 0,2946
457,0000	 0,2974
466,0000	 0,2992
475,0000	 0,2983
484,0000	 0,3029
494,0000	 0,2983
505,0000	 0,3047
514,0000	 0,3066
523,0000	 0,3020
532,0000	 0,3057
541,0000	 0,3047
550,0000	 0,3075
559,0000	 0,3094
568,0000	 0,3151
578,0000	 0,3141
589,0000	 0,3057
598,0000	 0,3122
607,0000	 0,3198
616,0000	 0,3160
625,0000	 0,3227
634,0000	 0,3132
643,0000	 0,3179
652,0000	 0,3276
662,0000	 0,3208
673,0000	 0,3198
682,0000	 0,3151
691,0000	 0,3179
701,0000	 0,3198
712,0000	 0,3208
721,0000	 0,3295
730,0000	 0,3286
739,0000	 0,3179
748,0000	 0,3227
757,0000	 0,3266
766,0000	 0,3160
775,0000	 0,3247
785,0000	 0,3286
796,0000	 0,3266
805,0000	 0,3286
814,0000	 0,3266
823,0000	 0,3276
832,0000	 0,3276
841,0000	 0,3286
850,0000	 0,3325
859,0000	 0,3315
869,0000	 0,3305
880,0000	 0,3355
889,0000	 0,3335
898,0000	 0,3256
907,0000	 0,3276
916,0000	 0,3325
925,0000	 0,3305
934,0000	 0,3295
943,0000	 0,3276
952,0000	 0,3276
961,0000	 0,3305
970,0000	 0,3315
979,0000	 0,3325
988,0000	 0,3315
997,0000	 0,3395
1006,0000	 0,3315
1015,0000	 0,3295
1024,0000	 0,3305
1037,0000	 0,3476
1048,0000	 0,3365
1057,0000	 0,3295
1066,0000	 0,3395
1076,0000	 0,3295
1087,0000	 0,3345
1096,0000	 0,3247
1105,0000	 0,3335
1114,0000	 0,3345
1123,0000	 0,3355
1132,0000	 0,3295
1141,0000	 0,3385
1150,0000	 0,3335
1160,0000	 0,3325
1171,0000	 0,3305
1180,0000	 0,3365
1189,0000	 0,3325
1198,0000	 0,3315
1207,0000	 0,3335
1216,0000	 0,3315
1225,0000	 0,3305
1234,0000	 0,3365
1244,0000	 0,3425
1255,0000	 0,3345
1264,0000	 0,3276
1273,0000	 0,3385
1282,0000	 0,3365
1291,0000	 0,3305
1300,0000	 0,3385
1309,0000	 0,3315
1318,0000	 0,3355
1328,0000	 0,3385
1339,0000	 0,3345
1348,0000	 0,3325
1357,0000	 0,3405
1366,0000	 0,3355
1375,0000	 0,3365
1384,0000	 0,3295
1393,0000	 0,3286
1402,0000	 0,3445
1412,0000	 0,3345
1423,0000	 0,3345
1432,0000	 0,3395
1441,0000	 0,3335
1451,0000	 0,3305
1462,0000	 0,3305
1471,0000	 0,3355
1480,0000	 0,3295
1489,0000	 0,3295
1498,0000	 0,3335
1507,0000	 0,3395
1516,0000	 0,3315
1525,0000	 0,3425
1535,0000	 0,3355
1546,0000	 0,3325
1555,0000	 0,3325
1564,0000	 0,3395
1573,0000	 0,3385
1582,0000	 0,3345
1591,0000	 0,3345
1600,0000	 0,3237
1609,0000	 0,3365
1619,0000	 0,3355
1630,0000	 0,3355
1639,0000	 0,3295
1648,0000	 0,3325
1657,0000	 0,3435
1666,0000	 0,3286
1675,0000	 0,3355
1684,0000	 0,3315
1693,0000	 0,3345
1703,0000	 0,3365
1714,0000	 0,3295
1723,0000	 0,3365
1732,0000	 0,3305
1741,0000	 0,3415
1750,0000	 0,3305
1759,0000	 0,3315
1768,0000	 0,3355
1777,0000	 0,3295
1787,0000	 0,3315
1798,0000	 0,3355
1807,0000	 0,3256
1816,0000	 0,3325
1826,0000	 0,3365
1837,0000	 0,3325
1846,0000	 0,3365
1855,0000	 0,3295
1864,0000	 0,3476
1873,0000	 0,3345
1882,0000	 0,3305
1891,0000	 0,3325
1900,0000	 0,3286
1910,0000	 0,3247
1921,0000	 0,3286
1930,0000	 0,3295
1939,0000	 0,3286
1948,0000	 0,3247
1957,0000	 0,3365
1966,0000	 0,3295
1975,0000	 0,3276
1984,0000	 0,3375
1994,0000	 0,3218
2005,0000	 0,3365
2014,0000	 0,3345
2023,0000	 0,3365
2032,0000	 0,3335
2041,0000	 0,3345
2050,0000	 0,3345
2059,0000	 0,3286
2068,0000	 0,3355
2078,0000	 0,3365
2089,0000	 0,3315
2098,0000	 0,3295
2107,0000	 0,3335
2116,0000	 0,3375
2125,0000	 0,3345
2134,0000	 0,3286
2143,0000	 0,3355
2152,0000	 0,3345
2162,0000	 0,3256
2173,0000	 0,3325
2182,0000	 0,3295
2191,0000	 0,3305
2201,0000	 0,3365
2212,0000	 0,3227
2221,0000	 0,3305
2230,0000	 0,3256
2243,0000	 0,3345
2254,0000	 0,3305
2263,0000	 0,3305
2272,0000	 0,3415
2281,0000	 0,3286
2290,0000	 0,3365
2299,0000	 0,3295
2308,0000	 0,3276
2317,0000	 0,3315
2329,0000	 0,3325
2338,0000	 0,3345
2347,0000	 0,3305
2356,0000	 0,3335
2365,0000	 0,3335
2374,0000	 0,3325
2383,0000	 0,3315
2392,0000	 0,3355
2401,0000	 0,3286
2413,0000	 0,3355
2422,0000	 0,3425
2431,0000	 0,3305
2440,0000	 0,3276
2449,0000	 0,3325
2458,0000	 0,3325
2467,0000	 0,3375
2476,0000	 0,3266
2485,0000	 0,3315
2497,0000	 0,3295
2506,0000	 0,3325
2515,0000	 0,3345
2524,0000	 0,3365
2533,0000	 0,3276
2542,0000	 0,3305
2551,0000	 0,3345
2560,0000	 0,3355
2569,0000	 0,3335
2578,0000	 0,3335
2587,0000	 0,3305
2596,0000	 0,3425
2605,0000	 0,3355
2614,0000	 0,3305
2623,0000	 0,3295
2632,0000	 0,3256
2641,0000	 0,3276
2650,0000	 0,3266
2662,0000	 0,3315
2671,0000	 0,3385
2680,0000	 0,3256
2689,0000	 0,3385
2698,0000	 0,3325
2707,0000	 0,3335
2716,0000	 0,3345
2725,0000	 0,3315
2734,0000	 0,3425
2746,0000	 0,3325
2755,0000	 0,3256
2764,0000	 0,3375
2773,0000	 0,3295
2782,0000	 0,3305
2791,0000	 0,3365
2800,0000	 0,3315
2809,0000	 0,3375
2818,0000	 0,3325
2830,0000	 0,3315
2839,0000	 0,3276
2848,0000	 0,3256
2857,0000	 0,3325
2866,0000	 0,3365
2875,0000	 0,3295
2884,0000	 0,3365
2893,0000	 0,3355
2902,0000	 0,3365
2914,0000	 0,3305
2923,0000	 0,3325
2932,0000	 0,3256
2941,0000	 0,3355
2951,0000	 0,3276
2962,0000	 0,3315
2971,0000	 0,3355
2980,0000	 0,3365
2989,0000	 0,3237
2998,0000	 0,3286
3007,0000	 0,3385
