 0,0000	 0,0178
 8,0000	 0,0320
20,0000	 0,0471
32,0000	 0,0617
41,0000	 0,0708
53,0000	 0,0840
65,0000	 0,0982
74,0000	 0,1093
86,0000	 0,1176
98,0000	 0,1280
110,0000	 0,1406
122,0000	 0,1463
134,0000	 0,1581
146,0000	 0,1641
158,0000	 0,1743
170,0000	 0,1798
182,0000	 0,1925
194,0000	 0,1925
206,0000	 0,2078
218,0000	 0,2130
230,0000	 0,2138
242,0000	 0,2260
254,0000	 0,2378
266,0000	 0,2338
278,0000	 0,2378
290,0000	 0,2410
302,0000	 0,2491
314,0000	 0,2532
326,0000	 0,2573
338,0000	 0,2615
350,0000	 0,2649
362,0000	 0,2717
374,0000	 0,2804
386,0000	 0,2751
398,0000	 0,2830
407,0000	 0,2812
419,0000	 0,2804
431,0000	 0,2937
443,0000	 0,2883
455,0000	 0,2919
467,0000	 0,2946
479,0000	 0,3010
491,0000	 0,3066
503,0000	 0,3001
515,0000	 0,3038
527,0000	 0,3038
539,0000	 0,3094
551,0000	 0,3085
563,0000	 0,3103
575,0000	 0,3057
587,0000	 0,3170
599,0000	 0,3132
611,0000	 0,3122
623,0000	 0,3160
635,0000	 0,3170
647,0000	 0,3141
659,0000	 0,3132
671,0000	 0,3208
683,0000	 0,3218
695,0000	 0,3256
707,0000	 0,3295
719,0000	 0,3208
731,0000	 0,3208
743,0000	 0,3237
755,0000	 0,3237
767,0000	 0,3365
780,0000	 0,3276
788,0000	 0,3247
800,0000	 0,3266
812,0000	 0,3227
824,0000	 0,3266
833,0000	 0,3256
845,0000	 0,3276
857,0000	 0,3276
866,0000	 0,3305
878,0000	 0,3247
890,0000	 0,3335
902,0000	 0,3345
914,0000	 0,3286
926,0000	 0,3247
938,0000	 0,3286
950,0000	 0,3325
962,0000	 0,3305
974,0000	 0,3286
986,0000	 0,3266
998,0000	 0,3276
1010,0000	 0,3286
1022,0000	 0,3305
1034,0000	 0,3345
1046,0000	 0,3198
1058,0000	 0,3315
1070,0000	 0,3295
1082,0000	 0,3315
1094,0000	 0,3266
1106,0000	 0,3335
1118,0000	 0,3345
1130,0000	 0,3345
1142,0000	 0,3375
1155,0000	 0,3227
1166,0000	 0,3315
1178,0000	 0,3305
1190,0000	 0,3355
1199,0000	 0,3325
1211,0000	 0,3266
1223,0000	 0,3335
1235,0000	 0,3335
1247,0000	 0,3325
1259,0000	 0,3295
1271,0000	 0,3295
1283,0000	 0,3456
1295,0000	 0,3345
1307,0000	 0,3345
1319,0000	 0,3375
1331,0000	 0,3365
1343,0000	 0,3286
1355,0000	 0,3365
1367,0000	 0,3345
1379,0000	 0,3295
1391,0000	 0,3355
1403,0000	 0,3365
1415,0000	 0,3305
1427,0000	 0,3315
1439,0000	 0,3375
1451,0000	 0,3247
1463,0000	 0,3365
1475,0000	 0,3355
1487,0000	 0,3325
1499,0000	 0,3295
1511,0000	 0,3345
1523,0000	 0,3286
1532,0000	 0,3365
1541,0000	 0,3395
1553,0000	 0,3325
1565,0000	 0,3335
1574,0000	 0,3335
1586,0000	 0,3345
1598,0000	 0,3335
1610,0000	 0,3335
1622,0000	 0,3305
1634,0000	 0,3435
1646,0000	 0,3315
1658,0000	 0,3335
1670,0000	 0,3345
1682,0000	 0,3335
1694,0000	 0,3335
1706,0000	 0,3305
1718,0000	 0,3445
1730,0000	 0,3335
1742,0000	 0,3335
1754,0000	 0,3345
1766,0000	 0,3365
1778,0000	 0,3355
1790,0000	 0,3295
1802,0000	 0,3375
1814,0000	 0,3355
1826,0000	 0,3305
1838,0000	 0,3325
1850,0000	 0,3345
1862,0000	 0,3395
1874,0000	 0,3335
1886,0000	 0,3325
1898,0000	 0,3335
1907,0000	 0,3295
1919,0000	 0,3325
1931,0000	 0,3345
1943,0000	 0,3375
1955,0000	 0,3266
1967,0000	 0,3325
1979,0000	 0,3395
1991,0000	 0,3315
2003,0000	 0,3375
2015,0000	 0,3405
2027,0000	 0,3335
2039,0000	 0,3355
2051,0000	 0,3345
2063,0000	 0,3355
2075,0000	 0,3345
2087,0000	 0,3335
2099,0000	 0,3355
2111,0000	 0,3345
2123,0000	 0,3286
2135,0000	 0,3345
2147,0000	 0,3355
2159,0000	 0,3295
2171,0000	 0,3335
2183,0000	 0,3355
2195,0000	 0,3286
2207,0000	 0,3295
2219,0000	 0,3295
2231,0000	 0,3435
2243,0000	 0,3295
2255,0000	 0,3355
2267,0000	 0,3295
2280,0000	 0,3385
2288,0000	 0,3276
2300,0000	 0,3335
2312,0000	 0,3375
2324,0000	 0,3305
2333,0000	 0,3345
2345,0000	 0,3266
2357,0000	 0,3295
2366,0000	 0,3395
2378,0000	 0,3365
2390,0000	 0,3355
2402,0000	 0,3375
2414,0000	 0,3335
2426,0000	 0,3355
2438,0000	 0,3315
2450,0000	 0,3355
2462,0000	 0,3315
2474,0000	 0,3295
2486,0000	 0,3295
2498,0000	 0,3345
2510,0000	 0,3335
2522,0000	 0,3395
2534,0000	 0,3295
2546,0000	 0,3315
2558,0000	 0,3345
2570,0000	 0,3355
2582,0000	 0,3295
2594,0000	 0,3345
2606,0000	 0,3325
2618,0000	 0,3286
2630,0000	 0,3335
2642,0000	 0,3286
2655,0000	 0,3355
2666,0000	 0,3335
2678,0000	 0,3295
2690,0000	 0,3295
2699,0000	 0,3295
2711,0000	 0,3266
2723,0000	 0,3335
2735,0000	 0,3335
2747,0000	 0,3355
2759,0000	 0,3325
2771,0000	 0,3335
2783,0000	 0,3295
2795,0000	 0,3445
2807,0000	 0,3355
2819,0000	 0,3315
2831,0000	 0,3247
2843,0000	 0,3315
2855,0000	 0,3315
2867,0000	 0,3295
2879,0000	 0,3295
2891,0000	 0,3305
2903,0000	 0,3315
2915,0000	 0,3375
2927,0000	 0,3315
2939,0000	 0,3295
2951,0000	 0,3365
2963,0000	 0,3405
2975,0000	 0,3256
2987,0000	 0,3345
2999,0000	 0,3355
3011,0000	 0,3305
