 0,0000	 0,0315
10,0000	 0,0420
22,0000	 0,0548
34,0000	 0,0665
47,0000	 0,0829
58,0000	 0,0982
67,0000	 0,1011
76,0000	 0,1176
85,0000	 0,1293
97,0000	 0,1311
109,0000	 0,1418
118,0000	 0,1489
127,0000	 0,1607
139,0000	 0,1708
151,0000	 0,1743
163,0000	 0,1805
175,0000	 0,1932
187,0000	 0,1983
199,0000	 0,2093
208,0000	 0,2093
220,0000	 0,2168
229,0000	 0,2191
241,0000	 0,2354
250,0000	 0,2386
259,0000	 0,2362
268,0000	 0,2434
277,0000	 0,2482
286,0000	 0,2491
295,0000	 0,2491
307,0000	 0,2590
319,0000	 0,2565
328,0000	 0,2606
337,0000	 0,2640
349,0000	 0,2674
361,0000	 0,2769
370,0000	 0,2777
383,0000	 0,2751
394,0000	 0,2830
403,0000	 0,2830
412,0000	 0,2848
424,0000	 0,2812
433,0000	 0,2804
442,0000	 0,2910
454,0000	 0,3010
466,0000	 0,2983
475,0000	 0,2974
487,0000	 0,3010
496,0000	 0,2946
506,0000	 0,2983
520,0000	 0,3038
529,0000	 0,3029
538,0000	 0,3010
548,0000	 0,3085
562,0000	 0,3103
571,0000	 0,3075
580,0000	 0,3075
590,0000	 0,3179
604,0000	 0,3094
613,0000	 0,3122
625,0000	 0,3189
634,0000	 0,3151
643,0000	 0,3189
652,0000	 0,3179
661,0000	 0,3132
674,0000	 0,3179
685,0000	 0,3160
694,0000	 0,3227
703,0000	 0,3179
716,0000	 0,3179
724,0000	 0,3208
733,0000	 0,3198
745,0000	 0,3189
754,0000	 0,3179
766,0000	 0,3305
775,0000	 0,3256
784,0000	 0,3276
793,0000	 0,3170
805,0000	 0,3227
817,0000	 0,3256
826,0000	 0,3286
839,0000	 0,3295
853,0000	 0,3218
865,0000	 0,3355
874,0000	 0,3276
883,0000	 0,3247
892,0000	 0,3237
901,0000	 0,3237
910,0000	 0,3266
923,0000	 0,3266
934,0000	 0,3295
943,0000	 0,3247
952,0000	 0,3355
961,0000	 0,3276
970,0000	 0,3295
982,0000	 0,3315
991,0000	 0,3286
1000,0000	 0,3208
1012,0000	 0,3355
1021,0000	 0,3295
1033,0000	 0,3305
1042,0000	 0,3345
1051,0000	 0,3355
1060,0000	 0,3237
1069,0000	 0,3365
1078,0000	 0,3335
1091,0000	 0,3286
1099,0000	 0,3375
1111,0000	 0,3395
1120,0000	 0,3305
1129,0000	 0,3266
1138,0000	 0,3355
1147,0000	 0,3315
1156,0000	 0,3375
1165,0000	 0,3295
1174,0000	 0,3286
1183,0000	 0,3266
1192,0000	 0,3395
1201,0000	 0,3345
1214,0000	 0,3315
1225,0000	 0,3305
1234,0000	 0,3315
1243,0000	 0,3295
1252,0000	 0,3315
1261,0000	 0,3425
1270,0000	 0,3305
1279,0000	 0,3335
1291,0000	 0,3335
1300,0000	 0,3325
1309,0000	 0,3286
1318,0000	 0,3295
1327,0000	 0,3335
1336,0000	 0,3218
1345,0000	 0,3295
1354,0000	 0,3345
1363,0000	 0,3286
1372,0000	 0,3325
1382,0000	 0,3335
1393,0000	 0,3315
1402,0000	 0,3286
1411,0000	 0,3375
1420,0000	 0,3315
1429,0000	 0,3415
1438,0000	 0,3365
1447,0000	 0,3315
1456,0000	 0,3325
1465,0000	 0,3315
1474,0000	 0,3355
1483,0000	 0,3335
1492,0000	 0,3395
1501,0000	 0,3365
1510,0000	 0,3345
1519,0000	 0,3365
1528,0000	 0,3305
1537,0000	 0,3305
1549,0000	 0,3365
1558,0000	 0,3435
1567,0000	 0,3325
1576,0000	 0,3385
1585,0000	 0,3315
1594,0000	 0,3365
1603,0000	 0,3237
1612,0000	 0,3345
1621,0000	 0,3266
1633,0000	 0,3266
1642,0000	 0,3365
1651,0000	 0,3315
1660,0000	 0,3315
1669,0000	 0,3276
1678,0000	 0,3276
1687,0000	 0,3335
1696,0000	 0,3375
1705,0000	 0,3335
1717,0000	 0,3405
1726,0000	 0,3315
1735,0000	 0,3395
1744,0000	 0,3325
1753,0000	 0,3325
1762,0000	 0,3305
1771,0000	 0,3355
1780,0000	 0,3315
1789,0000	 0,3325
1801,0000	 0,3305
1810,0000	 0,3276
1819,0000	 0,3315
1828,0000	 0,3335
1837,0000	 0,3305
1846,0000	 0,3395
1855,0000	 0,3295
1864,0000	 0,3325
1873,0000	 0,3345
1885,0000	 0,3305
1894,0000	 0,3237
1903,0000	 0,3355
1912,0000	 0,3315
1922,0000	 0,3335
1933,0000	 0,3237
1942,0000	 0,3266
1951,0000	 0,3295
1960,0000	 0,3286
1969,0000	 0,3355
1978,0000	 0,3365
1987,0000	 0,3405
1996,0000	 0,3405
2006,0000	 0,3295
2017,0000	 0,3305
2026,0000	 0,3315
2035,0000	 0,3335
2044,0000	 0,3295
2053,0000	 0,3315
2062,0000	 0,3295
2071,0000	 0,3345
2080,0000	 0,3365
2090,0000	 0,3335
2101,0000	 0,3335
2110,0000	 0,3385
2119,0000	 0,3305
2128,0000	 0,3345
2137,0000	 0,3335
2146,0000	 0,3375
2155,0000	 0,3325
2164,0000	 0,3198
2173,0000	 0,3385
2182,0000	 0,3315
2191,0000	 0,3295
2200,0000	 0,3325
2209,0000	 0,3355
2218,0000	 0,3365
2227,0000	 0,3445
2236,0000	 0,3305
2245,0000	 0,3256
2258,0000	 0,3355
2269,0000	 0,3375
2278,0000	 0,3415
2287,0000	 0,3325
2299,0000	 0,3345
2308,0000	 0,3315
2317,0000	 0,3355
2326,0000	 0,3295
2335,0000	 0,3325
2344,0000	 0,3325
2353,0000	 0,3345
2362,0000	 0,3335
2371,0000	 0,3345
2383,0000	 0,3325
2392,0000	 0,3325
2401,0000	 0,3295
2410,0000	 0,3335
2419,0000	 0,3295
2428,0000	 0,3335
2437,0000	 0,3305
2446,0000	 0,3315
2455,0000	 0,3385
2467,0000	 0,3335
2476,0000	 0,3365
2485,0000	 0,3365
2494,0000	 0,3365
2503,0000	 0,3315
2512,0000	 0,3335
2521,0000	 0,3276
2530,0000	 0,3315
2539,0000	 0,3345
2551,0000	 0,3335
2560,0000	 0,3325
2569,0000	 0,3345
2578,0000	 0,3276
2587,0000	 0,3295
2596,0000	 0,3355
2605,0000	 0,3305
2614,0000	 0,3286
2623,0000	 0,3266
2635,0000	 0,3286
2644,0000	 0,3256
2653,0000	 0,3305
2662,0000	 0,3345
2672,0000	 0,3345
2683,0000	 0,3305
2692,0000	 0,3305
2701,0000	 0,3345
2710,0000	 0,3345
2719,0000	 0,3325
2728,0000	 0,3345
2737,0000	 0,3445
2746,0000	 0,3286
2756,0000	 0,3355
2767,0000	 0,3325
2776,0000	 0,3395
2785,0000	 0,3315
2794,0000	 0,3286
2803,0000	 0,3335
2812,0000	 0,3295
2821,0000	 0,3395
2830,0000	 0,3365
2840,0000	 0,3345
2851,0000	 0,3325
2860,0000	 0,3335
2869,0000	 0,3385
2878,0000	 0,3315
2887,0000	 0,3365
2896,0000	 0,3295
2905,0000	 0,3315
2914,0000	 0,3266
2924,0000	 0,3355
2935,0000	 0,3315
2944,0000	 0,3208
2953,0000	 0,3355
2962,0000	 0,3325
2971,0000	 0,3247
2980,0000	 0,3345
2989,0000	 0,3405
2998,0000	 0,3345
3008,0000	 0,3405
