 0,0000	 0,0554
 8,0000	 0,0746
17,0000	 0,0890
26,0000	 0,1087
35,0000	 0,1207
44,0000	 0,1299
53,0000	 0,1508
62,0000	 0,1614
75,0000	 0,1798
83,0000	 0,1896
92,0000	 0,1939
101,0000	 0,2093
110,0000	 0,2183
119,0000	 0,2362
128,0000	 0,2402
137,0000	 0,2418
146,0000	 0,2590
158,0000	 0,2683
167,0000	 0,2674
176,0000	 0,2708
188,0000	 0,2795
200,0000	 0,2901
209,0000	 0,2892
218,0000	 0,2965
230,0000	 0,3038
242,0000	 0,3029
251,0000	 0,3141
260,0000	 0,3132
272,0000	 0,3189
284,0000	 0,3266
293,0000	 0,3286
302,0000	 0,3256
311,0000	 0,3325
324,0000	 0,3365
332,0000	 0,3325
341,0000	 0,3365
350,0000	 0,3385
362,0000	 0,3415
371,0000	 0,3435
380,0000	 0,3456
389,0000	 0,3415
398,0000	 0,3476
410,0000	 0,3497
419,0000	 0,3466
428,0000	 0,3507
437,0000	 0,3497
446,0000	 0,3632
455,0000	 0,3445
464,0000	 0,3569
473,0000	 0,3528
482,0000	 0,3528
494,0000	 0,3569
503,0000	 0,3538
512,0000	 0,3580
521,0000	 0,3559
531,0000	 0,3611
539,0000	 0,3601
548,0000	 0,3622
557,0000	 0,3632
566,0000	 0,3580
575,0000	 0,3395
584,0000	 0,3601
593,0000	 0,3580
602,0000	 0,3643
615,0000	 0,3643
623,0000	 0,3643
632,0000	 0,3632
641,0000	 0,3611
650,0000	 0,3590
659,0000	 0,3611
668,0000	 0,3675
677,0000	 0,3697
686,0000	 0,3632
699,0000	 0,3654
707,0000	 0,3622
716,0000	 0,3643
725,0000	 0,3643
734,0000	 0,3601
743,0000	 0,3559
752,0000	 0,3632
761,0000	 0,3611
770,0000	 0,3697
783,0000	 0,3686
791,0000	 0,3643
800,0000	 0,3686
809,0000	 0,3601
818,0000	 0,3622
827,0000	 0,3611
836,0000	 0,3697
845,0000	 0,3686
854,0000	 0,3643
867,0000	 0,3686
875,0000	 0,3654
884,0000	 0,3697
893,0000	 0,3664
902,0000	 0,3643
911,0000	 0,3664
920,0000	 0,3643
929,0000	 0,3686
938,0000	 0,3697
950,0000	 0,3643
959,0000	 0,3654
968,0000	 0,3697
977,0000	 0,3729
986,0000	 0,3675
995,0000	 0,3686
1004,0000	 0,3643
1013,0000	 0,3643
1022,0000	 0,3611
1034,0000	 0,3664
1043,0000	 0,3675
1052,0000	 0,3611
1061,0000	 0,3697
1070,0000	 0,3697
1079,0000	 0,3675
1088,0000	 0,3654
1097,0000	 0,3632
1106,0000	 0,3643
1118,0000	 0,3697
1127,0000	 0,3697
1136,0000	 0,3707
1145,0000	 0,3686
1154,0000	 0,3632
1163,0000	 0,3686
1172,0000	 0,3697
1181,0000	 0,3729
1190,0000	 0,3686
1202,0000	 0,3632
1211,0000	 0,3622
1220,0000	 0,3622
1229,0000	 0,3686
1238,0000	 0,3664
1247,0000	 0,3643
1256,0000	 0,3740
1265,0000	 0,3697
1274,0000	 0,3643
1283,0000	 0,3686
1292,0000	 0,3686
1301,0000	 0,3590
1310,0000	 0,3622
1323,0000	 0,3654
1331,0000	 0,3643
1340,0000	 0,3675
1349,0000	 0,3675
1358,0000	 0,3611
1367,0000	 0,3622
1376,0000	 0,3675
1385,0000	 0,3632
1394,0000	 0,3622
1407,0000	 0,3643
1415,0000	 0,3675
1424,0000	 0,3654
1433,0000	 0,3707
1442,0000	 0,3675
1451,0000	 0,3632
1460,0000	 0,3611
1469,0000	 0,3664
1478,0000	 0,3675
1491,0000	 0,3654
1499,0000	 0,3675
1508,0000	 0,3729
1517,0000	 0,3675
1526,0000	 0,3686
1535,0000	 0,3675
1544,0000	 0,3664
1553,0000	 0,3654
1562,0000	 0,3751
1575,0000	 0,3729
1583,0000	 0,3643
1592,0000	 0,3751
1601,0000	 0,3611
1610,0000	 0,3632
1619,0000	 0,3686
1628,0000	 0,3664
1637,0000	 0,3675
1646,0000	 0,3675
1658,0000	 0,3686
1667,0000	 0,3697
1676,0000	 0,3675
1685,0000	 0,3601
1694,0000	 0,3675
1703,0000	 0,3654
1712,0000	 0,3654
1721,0000	 0,3632
1730,0000	 0,3675
1742,0000	 0,3601
1751,0000	 0,3664
1760,0000	 0,3590
1769,0000	 0,3654
1778,0000	 0,3601
1787,0000	 0,3697
1796,0000	 0,3729
1805,0000	 0,3697
1814,0000	 0,3569
1826,0000	 0,3762
1835,0000	 0,3675
1844,0000	 0,3664
1853,0000	 0,3643
1862,0000	 0,3686
1871,0000	 0,3664
1880,0000	 0,3664
1889,0000	 0,3601
1898,0000	 0,3718
1910,0000	 0,3654
1919,0000	 0,3675
1931,0000	 0,3697
1943,0000	 0,3729
1952,0000	 0,3622
1961,0000	 0,3664
1970,0000	 0,3664
1982,0000	 0,3664
1994,0000	 0,3675
2003,0000	 0,3643
2012,0000	 0,3590
2024,0000	 0,3622
2033,0000	 0,3569
2042,0000	 0,3718
2051,0000	 0,3611
2063,0000	 0,3632
2075,0000	 0,3654
2084,0000	 0,3611
2093,0000	 0,3590
2102,0000	 0,3611
2115,0000	 0,3686
2123,0000	 0,3643
2132,0000	 0,3654
2141,0000	 0,3707
2150,0000	 0,3654
2159,0000	 0,3632
2168,0000	 0,3643
2177,0000	 0,3643
2186,0000	 0,3611
2199,0000	 0,3664
2207,0000	 0,3664
2216,0000	 0,3632
2225,0000	 0,3654
2234,0000	 0,3622
2243,0000	 0,3740
2252,0000	 0,3664
2261,0000	 0,3675
2270,0000	 0,3611
2283,0000	 0,3686
2291,0000	 0,3643
2300,0000	 0,3611
2309,0000	 0,3675
2318,0000	 0,3664
2327,0000	 0,3664
2336,0000	 0,3559
2345,0000	 0,3675
2354,0000	 0,3718
2367,0000	 0,3697
2375,0000	 0,3654
2384,0000	 0,3611
2393,0000	 0,3611
2402,0000	 0,3654
2411,0000	 0,3654
2420,0000	 0,3686
2429,0000	 0,3611
2438,0000	 0,3707
2450,0000	 0,3601
2459,0000	 0,3707
2468,0000	 0,3729
2477,0000	 0,3697
2486,0000	 0,3643
2495,0000	 0,3675
2504,0000	 0,3751
2513,0000	 0,3622
2522,0000	 0,3622
2534,0000	 0,3632
2543,0000	 0,3632
2552,0000	 0,3611
2561,0000	 0,3654
2570,0000	 0,3686
2579,0000	 0,3590
2588,0000	 0,3654
2597,0000	 0,3643
2606,0000	 0,3664
2618,0000	 0,3664
2627,0000	 0,3622
2636,0000	 0,3622
2645,0000	 0,3718
2654,0000	 0,3654
2663,0000	 0,3622
2672,0000	 0,3643
2681,0000	 0,3707
2690,0000	 0,3718
2702,0000	 0,3707
2711,0000	 0,3632
2720,0000	 0,3611
2732,0000	 0,3686
2744,0000	 0,3664
2753,0000	 0,3707
2762,0000	 0,3632
2774,0000	 0,3643
2783,0000	 0,3601
2792,0000	 0,3664
2801,0000	 0,3729
2810,0000	 0,3697
2823,0000	 0,3654
2831,0000	 0,3611
2840,0000	 0,3643
2852,0000	 0,3632
2865,0000	 0,3697
2873,0000	 0,3632
2882,0000	 0,3697
2891,0000	 0,3548
2903,0000	 0,3611
2912,0000	 0,3643
2921,0000	 0,3697
2930,0000	 0,3643
2942,0000	 0,3675
2951,0000	 0,3686
2960,0000	 0,3664
2969,0000	 0,3664
2978,0000	 0,3654
2991,0000	 0,3601
2999,0000	 0,3697
3008,0000	 0,3559
