 0,0000	 0,0425
10,0000	 0,0612
19,0000	 0,0896
31,0000	 0,1093
40,0000	 0,1237
49,0000	 0,1342
58,0000	 0,1574
70,0000	 0,1695
79,0000	 0,1784
88,0000	 0,1961
98,0000	 0,2123
109,0000	 0,2145
121,0000	 0,2268
130,0000	 0,2386
140,0000	 0,2442
151,0000	 0,2540
160,0000	 0,2615
169,0000	 0,2683
178,0000	 0,2777
187,0000	 0,2821
199,0000	 0,2857
208,0000	 0,2892
217,0000	 0,2955
226,0000	 0,3057
238,0000	 0,3066
247,0000	 0,3113
256,0000	 0,3085
266,0000	 0,3160
277,0000	 0,3170
286,0000	 0,3198
295,0000	 0,3256
304,0000	 0,3237
313,0000	 0,3305
325,0000	 0,3335
334,0000	 0,3395
343,0000	 0,3335
352,0000	 0,3385
364,0000	 0,3445
373,0000	 0,3466
382,0000	 0,3456
391,0000	 0,3445
403,0000	 0,3538
415,0000	 0,3528
424,0000	 0,3497
433,0000	 0,3445
445,0000	 0,3528
454,0000	 0,3590
463,0000	 0,3559
473,0000	 0,3559
484,0000	 0,3507
496,0000	 0,3590
505,0000	 0,3580
515,0000	 0,3654
526,0000	 0,3611
535,0000	 0,3580
544,0000	 0,3590
553,0000	 0,3580
562,0000	 0,3590
574,0000	 0,3643
583,0000	 0,3559
592,0000	 0,3643
601,0000	 0,3654
613,0000	 0,3697
622,0000	 0,3643
631,0000	 0,3664
641,0000	 0,3622
652,0000	 0,3686
661,0000	 0,3622
670,0000	 0,3590
679,0000	 0,3601
688,0000	 0,3664
700,0000	 0,3632
709,0000	 0,3697
718,0000	 0,3654
727,0000	 0,3654
739,0000	 0,3643
748,0000	 0,3664
757,0000	 0,3664
766,0000	 0,3654
778,0000	 0,3643
790,0000	 0,3643
799,0000	 0,3707
808,0000	 0,3707
820,0000	 0,3611
829,0000	 0,3632
838,0000	 0,3590
848,0000	 0,3654
859,0000	 0,3601
871,0000	 0,3632
880,0000	 0,3664
890,0000	 0,3697
901,0000	 0,3643
910,0000	 0,3707
919,0000	 0,3643
928,0000	 0,3580
937,0000	 0,3601
949,0000	 0,3697
958,0000	 0,3654
967,0000	 0,3729
976,0000	 0,3654
988,0000	 0,3664
997,0000	 0,3601
1006,0000	 0,3643
1016,0000	 0,3622
1027,0000	 0,3611
1039,0000	 0,3697
1048,0000	 0,3675
1058,0000	 0,3643
1069,0000	 0,3697
1078,0000	 0,3580
1087,0000	 0,3664
1097,0000	 0,3773
1108,0000	 0,3643
1120,0000	 0,3654
1129,0000	 0,3632
1139,0000	 0,3707
1150,0000	 0,3632
1162,0000	 0,3590
1171,0000	 0,3611
1181,0000	 0,3643
1192,0000	 0,3675
1204,0000	 0,3643
1213,0000	 0,3580
1223,0000	 0,3643
1234,0000	 0,3654
1246,0000	 0,3654
1255,0000	 0,3740
1265,0000	 0,3686
1276,0000	 0,3569
1288,0000	 0,3675
1297,0000	 0,3751
1307,0000	 0,3697
1318,0000	 0,3686
1330,0000	 0,3654
1339,0000	 0,3664
1349,0000	 0,3622
1360,0000	 0,3622
1372,0000	 0,3675
1381,0000	 0,3580
1390,0000	 0,3611
1402,0000	 0,3654
1414,0000	 0,3601
1423,0000	 0,3675
1433,0000	 0,3590
1444,0000	 0,3622
1456,0000	 0,3622
1465,0000	 0,3654
1474,0000	 0,3643
1486,0000	 0,3675
1498,0000	 0,3601
1507,0000	 0,3675
1516,0000	 0,3632
1528,0000	 0,3590
1537,0000	 0,3611
1546,0000	 0,3675
1556,0000	 0,3707
1567,0000	 0,3643
1579,0000	 0,3643
1588,0000	 0,3590
1598,0000	 0,3686
1609,0000	 0,3686
1621,0000	 0,3686
1630,0000	 0,3654
1640,0000	 0,3611
1651,0000	 0,3664
1663,0000	 0,3664
1672,0000	 0,3569
1682,0000	 0,3707
1693,0000	 0,3632
1705,0000	 0,3622
1714,0000	 0,3643
1724,0000	 0,3740
1735,0000	 0,3664
1747,0000	 0,3654
1756,0000	 0,3632
1766,0000	 0,3632
1777,0000	 0,3654
1789,0000	 0,3664
1798,0000	 0,3675
1808,0000	 0,3622
1819,0000	 0,3632
1831,0000	 0,3664
1840,0000	 0,3664
1849,0000	 0,3675
1861,0000	 0,3643
1870,0000	 0,3632
1879,0000	 0,3643
1889,0000	 0,3622
1900,0000	 0,3569
1912,0000	 0,3697
1921,0000	 0,3697
1931,0000	 0,3718
1942,0000	 0,3675
1954,0000	 0,3643
1963,0000	 0,3643
1973,0000	 0,3632
1984,0000	 0,3601
1996,0000	 0,3580
2005,0000	 0,3697
2015,0000	 0,3740
2026,0000	 0,3622
2038,0000	 0,3632
2047,0000	 0,3632
2057,0000	 0,3675
2068,0000	 0,3632
2080,0000	 0,3664
2089,0000	 0,3664
2098,0000	 0,3632
2110,0000	 0,3580
2122,0000	 0,3664
2131,0000	 0,3590
2141,0000	 0,3664
2152,0000	 0,3675
2164,0000	 0,3643
2173,0000	 0,3601
2182,0000	 0,3622
2194,0000	 0,3632
2206,0000	 0,3675
2215,0000	 0,3611
2224,0000	 0,3654
2236,0000	 0,3611
2248,0000	 0,3675
2257,0000	 0,3675
2266,0000	 0,3643
2278,0000	 0,3654
2287,0000	 0,3762
2296,0000	 0,3517
2306,0000	 0,3654
2317,0000	 0,3622
2329,0000	 0,3675
2338,0000	 0,3622
2348,0000	 0,3664
2359,0000	 0,3643
2371,0000	 0,3632
2380,0000	 0,3675
2390,0000	 0,3675
2401,0000	 0,3622
2413,0000	 0,3601
2422,0000	 0,3643
2432,0000	 0,3622
2443,0000	 0,3664
2455,0000	 0,3643
2464,0000	 0,3654
2474,0000	 0,3632
2485,0000	 0,3632
2497,0000	 0,3664
2506,0000	 0,3664
2516,0000	 0,3569
2527,0000	 0,3643
2539,0000	 0,3643
2548,0000	 0,3632
2558,0000	 0,3601
2569,0000	 0,3654
2581,0000	 0,3590
2590,0000	 0,3707
2599,0000	 0,3729
2611,0000	 0,3632
2623,0000	 0,3654
2632,0000	 0,3643
2641,0000	 0,3622
2653,0000	 0,3632
2665,0000	 0,3643
2674,0000	 0,3643
2683,0000	 0,3686
2695,0000	 0,3611
2707,0000	 0,3643
2716,0000	 0,3622
2725,0000	 0,3643
2737,0000	 0,3686
2746,0000	 0,3507
2755,0000	 0,3601
2765,0000	 0,3654
2776,0000	 0,3601
2788,0000	 0,3654
2797,0000	 0,3697
2807,0000	 0,3611
2818,0000	 0,3697
2830,0000	 0,3686
2839,0000	 0,3601
2849,0000	 0,3580
2860,0000	 0,3643
2872,0000	 0,3675
2881,0000	 0,3686
2890,0000	 0,3590
2902,0000	 0,3611
2914,0000	 0,3611
2923,0000	 0,3590
2933,0000	 0,3632
2944,0000	 0,3611
2956,0000	 0,3632
2965,0000	 0,3643
2974,0000	 0,3643
2986,0000	 0,3601
2998,0000	 0,3569
3007,0000	 0,3643
